0 -1 -1 -1 -1 -1 -1 -1 -1 -1 -1 -1 -1 -1 -1 -1 -1 -1 -1 -1 -1 -1 -1 -1 -1 -1 -1 -1 -1 -1 -1 -1 -1 -1 -1 -1 -1 -1 -1 -1 -1 -1 -1 -1 0 -1 -1 -1 -1 -1 # -1 -1 -1 -1 -1 -1 -1 -1 -1 -1 -1 -1 -1 -1 -1 -1 -1 -1 -1 -1 -1 -1 -1 -1 -1 -1 -1 -1 -1 -1 -1 -1 -1 -1 -1 -1 -1 -1 -1 -1 -1 -1 -1 0 -1 -1 -1 -1 -1 
2453 410 204 388 571 54 702 -1 353 -1 186 130 421 -1 638 339 8 -1 382 621 684 26 462 65 452 154 273 -1 460 446 474 486 723 422 173 -1 0 560 140 536 66 206 439 -1 718 -1 401 320 440 92 450 594 119 443 433 -1 425 616 178 328 340 755 161 198 218 204 535 486 -1 201 433 403 152 -1 484 483 471 580 38 613 9 516 284 511 216 80 616 143 681 581 # 3 62 18 31 36 14 -1 15 -1 11 52 1 -1 51 26 36 -1 59 77 88 16 28 5 50 87 58 -1 29 42 48 50 44 8 87 -1 0 81 11 75 78 62 18 -1 20 -1 8 26 42 5 70 4 49 48 12 -1 12 79 34 26 15 20 49 72 84 58 74 1 -1 11 1 46 5 -1 28 29 28 66 36 37 16 74 26 31 63 40 66 11 14 77 
2580 385 162 371 465 370 528 470 368 225 331 460 343 264 418 326 353 638 393 350 382 305 373 325 212 336 301 375 159 618 248 615 534 207 545 450 122 586 504 536 361 212 195 537 506 501 411 379 578 363 98 418 196 567 387 522 458 358 344 208 175 235 314 471 217 382 613 215 488 244 392 358 238 108 642 306 587 350 319 351 498 261 271 455 387 503 302 0 114 363 172 354 380 234 275 188 311 302 303 326 # 65 73 25 11 58 63 4 40 24 96 92 99 61 54 62 12 37 49 86 91 97 79 97 42 23 72 99 73 37 33 76 63 42 43 47 88 53 11 80 91 33 2 39 45 4 18 77 43 57 87 70 42 85 22 80 47 79 15 33 90 93 82 11 41 91 76 33 4 41 12 79 9 50 37 82 37 15 21 21 56 93 13 35 71 68 93 0 73 79 50 79 49 24 13 28 97 61 26 26 
2016 118 143 14 181 137 144 67 198 397 315 131 135 173 294 110 385 226 47 388 135 398 90 397 490 54 312 441 134 311 81 242 160 109 49 33 140 279 354 211 33 521 107 60 163 361 139 419 91 166 47 30 384 118 -1 139 0 111 70 103 221 90 83 273 150 130 472 233 421 62 55 38 101 285 209 3 260 266 337 # 48 12 56 15 28 1 71 5 52 73 65 15 32 17 59 38 60 40 45 59 23 71 38 66 34 14 9 70 63 75 74 28 42 18 3 55 77 73 49 51 66 3 71 53 38 5 9 25 72 71 3 45 42 -1 57 0 72 43 30 13 18 34 76 46 1 47 8 16 25 34 40 58 63 13 56 17 76 26 
226 -1 58 -1 -1 11 0 -1 75 -1 -1 -1 93 # -1 6 -1 -1 6 0 -1 6 -1 -1 -1 5 
987 344 279 154 143 349 390 311 128 320 350 272 168 490 346 0 382 340 153 242 -1 -1 145 59 174 152 384 289 343 334 465 267 186 135 165 297 491 306 365 268 # 28 11 18 33 1 5 2 23 7 17 19 33 30 28 0 9 7 4 34 -1 -1 33 15 12 8 38 2 37 35 16 12 18 8 8 27 13 31 17 31 
1002 104 222 175 168 26 104 182 154 154 233 20 170 28 214 181 191 219 32 151 23 156 57 133 125 165 182 3 156 174 121 180 33 305 175 153 126 -1 27 21 149 150 82 182 155 232 147 105 188 57 0 138 # 32 16 8 41 20 49 15 24 40 21 27 8 20 29 51 29 14 5 41 11 8 38 1 30 24 3 50 44 19 6 8 20 10 29 36 42 -1 39 11 23 51 22 4 8 16 24 6 9 18 0 36 
0 -1 0 # -1 0 
733 110 189 -1 65 8 115 46 72 142 140 0 100 52 38 138 137 184 -1 7 80 140 116 102 98 21 3 118 83 200 195 87 # 23 15 -1 7 19 24 14 4 15 31 0 28 11 25 4 7 22 -1 26 25 15 6 12 7 5 11 23 8 17 9 8 
864 352 214 198 172 364 71 289 353 25 0 262 113 404 165 34 157 279 378 238 209 43 260 283 307 89 358 119 32 230 12 159 317 256 191 186 208 130 236 207 212 196 383 276 366 356 156 119 261 355 191 150 131 406 275 80 136 163 160 264 # 17 20 35 14 49 21 23 1 30 0 48 55 42 56 28 46 11 8 29 39 28 33 33 48 55 49 12 9 36 10 52 24 36 57 14 3 47 3 34 36 34 18 59 5 8 51 25 2 32 35 37 37 13 11 6 52 58 31 48 
865 237 168 54 32 220 253 225 183 223 65 194 44 257 190 84 216 219 152 220 174 216 203 103 215 37 193 105 126 225 267 265 176 112 186 193 42 244 170 256 117 207 145 252 262 111 205 23 0 184 129 117 173 70 247 71 222 189 166 97 213 223 288 199 272 128 162 164 222 218 228 # 7 18 36 47 34 16 21 67 60 36 20 25 68 57 55 35 69 42 17 18 22 63 59 60 4 49 23 33 60 31 54 52 27 49 8 4 56 40 37 33 63 28 54 54 10 35 48 0 58 28 45 2 10 16 53 17 32 67 15 57 5 64 8 44 28 42 66 22 24 29 
344 58 145 92 -1 23 -1 0 76 192 197 157 200 68 116 28 -1 171 # 15 13 8 -1 7 -1 0 1 17 9 3 9 1 8 5 -1 2 
910 0 227 169 235 269 83 173 159 242 67 237 278 110 57 156 290 260 133 153 175 194 186 89 183 168 254 195 96 186 150 230 206 175 135 169 78 113 254 212 271 # 0 21 34 29 4 10 3 19 31 14 2 26 28 1 30 40 26 36 36 3 29 8 36 3 15 33 29 23 25 18 35 22 25 6 25 14 13 2 24 26 
523 56 38 138 60 74 0 81 58 73 36 54 98 34 76 137 75 46 30 31 63 38 39 39 68 4 69 92 51 43 40 38 59 29 74 129 155 27 69 72 33 26 20 108 35 16 60 103 34 148 64 49 163 46 47 66 74 52 100 59 22 82 3 105 63 9 61 21 25 34 82 # 57 60 35 32 55 0 24 28 39 60 37 27 33 16 35 57 29 41 41 8 60 13 40 50 62 50 61 17 2 23 33 1 42 8 63 49 42 28 8 37 42 45 63 13 25 29 70 18 3 20 54 49 30 53 8 66 54 12 54 45 24 6 12 32 25 32 42 60 19 7 
637 378 379 353 400 269 34 326 270 380 296 285 340 402 267 0 122 282 103 380 391 206 319 403 352 283 148 40 375 273 66 # 3 1 5 2 14 15 22 5 28 14 25 22 28 21 0 18 14 30 3 9 26 10 4 12 14 16 6 12 8 27 
694 208 227 212 87 119 210 242 57 0 183 209 125 120 232 196 148 203 191 84 58 224 101 94 136 90 92 95 46 166 131 120 103 81 241 126 63 163 145 105 86 110 151 103 149 92 140 86 167 210 211 # 17 6 11 19 41 17 34 28 0 38 15 41 22 21 18 46 18 37 33 8 50 33 47 23 47 25 26 9 37 12 43 4 8 17 31 8 46 45 23 19 32 31 33 38 19 5 36 29 10 6 
662 132 265 261 130 129 204 239 285 326 126 0 78 201 242 260 115 234 199 282 110 128 130 151 333 194 149 230 111 221 234 31 87 320 84 100 176 271 111 92 261 195 129 255 248 226 258 # 10 3 7 5 16 13 17 2 33 35 0 31 18 7 14 28 29 41 43 35 35 42 5 19 36 5 45 20 25 45 11 34 8 12 32 5 40 39 32 43 25 10 17 27 29 30 
505 60 133 63 52 96 151 157 194 141 26 58 153 116 135 102 144 105 51 105 53 202 111 0 114 62 151 23 132 47 170 201 169 130 167 100 121 # 11 28 1 18 18 2 26 34 14 27 4 26 24 28 35 9 35 10 35 4 6 35 0 22 1 16 23 22 10 7 30 16 25 7 4 13 
500 173 95 222 130 140 0 138 185 41 131 112 124 192 115 120 74 99 9 202 175 139 122 105 99 211 155 57 # 26 16 8 22 7 0 23 21 18 2 24 22 21 11 16 27 2 6 20 1 22 14 24 2 8 5 9 
222 143 104 -1 103 0 40 46 105 126 # 8 4 -1 7 0 5 6 7 8 
0 0 -1 # 0 -1 
356 105 75 77 92 176 0 185 170 160 167 95 165 211 128 91 169 200 83 # 15 6 2 2 10 0 8 18 14 9 18 9 17 11 3 10 7 3 
398 9 55 138 63 77 13 116 118 123 97 47 63 109 67 131 132 45 29 99 89 146 116 123 130 111 64 127 117 44 72 120 52 170 106 69 59 84 39 0 107 120 # 39 17 25 36 14 1 13 22 41 20 17 36 37 17 22 27 29 6 10 37 15 13 19 23 13 32 40 7 38 12 28 11 15 19 36 2 30 18 0 37 8 
357 234 95 136 157 0 258 122 216 153 270 98 242 140 31 185 113 # 8 14 7 13 0 8 16 13 13 6 2 1 3 5 4 2 
449 67 53 156 57 5 25 24 124 108 103 147 153 90 64 155 63 156 141 125 150 7 133 148 98 57 104 157 40 126 63 18 141 42 144 107 135 138 159 127 59 15 140 152 8 68 44 131 145 60 59 108 134 20 111 133 41 22 115 54 16 49 131 51 60 46 122 55 169 135 43 98 108 61 51 9 21 55 78 123 43 34 0 131 126 100 187 123 19 # 14 65 43 59 82 53 53 87 26 85 42 34 78 64 42 64 20 42 8 48 5 83 48 13 74 10 17 81 79 49 41 83 56 87 26 55 62 20 66 2 21 22 48 5 14 70 84 69 50 67 35 55 31 72 8 28 53 9 74 41 65 84 65 25 80 51 70 15 66 56 13 26 61 61 21 31 59 1 66 56 7 0 66 19 24 68 66 41 
477 140 99 246 43 91 68 183 54 208 88 73 0 187 161 68 179 81 151 208 213 60 214 214 190 70 63 7 200 209 44 203 179 211 164 84 44 42 77 185 # 2 10 28 37 17 26 32 4 32 17 26 0 7 18 21 14 6 1 24 39 8 33 20 13 37 30 12 16 9 37 39 34 28 14 17 4 27 15 16 
384 99 112 63 72 40 56 134 51 104 120 57 124 24 57 18 133 139 143 118 148 181 141 0 111 118 183 98 61 125 45 42 102 159 99 142 112 37 129 41 21 111 117 132 135 48 23 122 63 # 27 24 37 48 37 39 43 5 27 36 39 47 46 6 23 38 43 35 42 22 33 16 0 27 41 21 48 8 25 46 37 1 18 27 43 41 46 12 37 15 34 41 29 7 31 40 36 8 
107 89 92 0 107 # 3 1 0 2 
323 88 103 108 103 96 42 40 91 92 102 19 55 12 108 134 115 107 53 107 95 109 23 47 98 110 66 49 93 112 57 71 30 51 95 52 90 90 94 105 104 0 45 99 123 13 # 31 28 2 24 8 32 32 36 8 34 13 42 41 40 44 20 8 35 4 9 5 11 6 5 2 23 42 36 39 27 12 22 27 1 33 1 1 9 34 10 0 32 36 21 13 
356 73 61 117 67 67 104 79 0 167 2 27 111 99 148 101 54 131 115 # 5 16 12 16 16 4 4 0 14 8 10 13 2 6 16 11 13 13 
302 22 158 29 150 86 117 109 172 127 137 0 62 75 139 189 174 108 154 173 # 11 18 1 17 13 7 5 2 17 7 0 1 12 10 16 2 5 14 8 
180 29 132 12 15 24 43 91 152 54 20 0 18 114 31 42 36 # 10 13 11 3 12 15 9 2 1 3 0 4 7 1 16 1 
0 0 -1 -1 -1 # 0 -1 -1 -1 
322 58 63 47 55 55 59 46 62 51 58 24 23 24 44 44 22 55 11 75 70 72 52 51 21 30 67 51 18 55 33 54 42 17 20 40 50 75 33 21 64 22 17 53 21 64 52 21 18 28 27 77 20 30 74 62 53 25 50 31 54 55 43 47 62 16 38 59 57 59 47 59 52 18 62 59 56 56 66 18 56 29 49 25 29 0 51 33 15 50 42 55 29 53 13 16 80 54 51 # 29 74 62 72 36 61 14 71 14 23 52 16 73 90 32 47 43 85 10 74 20 89 58 79 81 67 36 42 82 81 89 66 88 95 66 15 54 92 42 8 79 88 36 79 64 89 79 65 13 57 19 33 49 55 71 23 12 63 84 93 72 32 7 68 88 25 1 72 1 32 1 23 88 68 68 90 91 45 95 97 49 7 79 13 0 58 84 94 82 35 31 50 27 18 88 19 58 89 
352 32 49 23 6 12 55 60 52 18 6 55 24 51 50 66 53 27 49 2 20 14 5 38 37 22 53 44 55 7 32 34 19 36 31 28 30 43 42 37 29 41 48 35 30 19 33 54 57 26 58 4 30 5 73 7 56 55 66 45 47 28 9 22 50 8 37 65 9 11 38 57 87 59 56 0 29 75 39 22 52 49 41 37 # 36 27 9 53 29 14 11 27 65 53 18 79 2 42 67 14 3 46 75 45 55 51 61 33 21 18 37 8 10 36 46 9 46 49 49 17 41 32 33 3 43 60 46 40 5 12 64 6 79 71 75 61 19 15 51 38 18 50 37 59 45 65 20 37 29 25 7 4 68 83 6 54 48 28 0 17 54 83 9 18 37 78 52 
280 55 47 12 24 0 23 33 39 11 51 37 9 57 46 47 37 33 32 36 37 32 40 56 31 37 50 32 28 72 30 39 38 53 28 1 24 42 3 27 28 48 9 44 46 56 28 59 42 35 22 19 53 67 32 18 27 30 29 41 55 25 37 40 20 25 40 43 36 59 66 37 66 34 33 48 13 43 8 47 46 50 31 31 27 38 51 30 62 21 43 36 28 29 49 # 33 80 42 64 0 50 54 85 42 26 49 78 45 31 44 49 30 57 49 17 24 16 10 58 49 14 87 65 53 40 16 71 90 6 5 6 71 5 4 4 14 78 90 66 60 65 23 66 18 89 55 81 72 83 3 6 58 46 7 44 4 19 57 51 4 8 8 18 60 88 87 47 18 18 80 42 85 5 44 77 67 46 36 65 24 81 92 47 64 85 21 39 39 15 
295 59 60 61 61 16 36 58 90 76 63 60 59 22 53 94 96 76 8 92 32 23 35 69 76 25 86 14 51 22 68 92 91 92 64 53 44 36 83 64 90 15 54 70 55 72 0 77 73 42 28 89 41 57 65 # 53 12 53 11 41 20 35 47 39 11 1 44 18 28 32 8 28 46 32 25 29 20 2 30 29 17 46 49 5 34 40 51 32 2 49 22 22 45 4 26 27 14 1 28 2 0 48 45 52 29 26 6 14 44 
276 4 14 7 29 11 58 29 33 29 66 32 15 22 30 29 57 31 65 37 43 37 34 42 8 48 17 15 37 33 36 2 16 41 6 47 16 34 38 4 33 45 32 43 34 28 50 24 36 10 35 13 51 46 25 29 10 60 37 15 31 39 59 31 9 23 54 3 30 26 2 18 33 0 41 40 30 27 50 54 14 7 24 63 9 30 35 13 8 30 58 33 12 39 18 9 56 # 31 87 1 45 3 66 45 85 77 62 60 2 12 4 45 96 14 83 44 37 48 63 33 67 35 36 92 48 42 60 73 27 28 1 53 12 9 50 67 4 43 7 19 11 13 35 36 22 34 22 56 25 20 94 45 95 62 37 49 4 58 16 85 24 13 52 31 9 27 73 59 14 0 93 13 15 47 25 78 64 34 13 57 34 7 8 5 81 69 66 76 5 68 26 88 52 
302 23 35 51 19 55 23 2 22 25 31 40 43 51 17 65 26 15 0 33 40 52 22 22 48 84 28 27 26 31 51 50 54 61 59 48 32 38 38 18 41 24 18 30 34 83 24 21 7 73 14 27 47 36 49 56 50 52 26 23 47 41 30 35 25 32 30 33 58 43 32 56 68 48 25 38 24 61 33 63 6 56 29 46 33 20 45 12 47 45 30 25 19 80 40 85 # 8 36 73 39 32 47 18 17 4 41 78 37 24 50 77 64 87 0 90 75 35 47 85 69 93 16 91 91 26 31 24 30 68 81 89 66 53 63 14 20 59 14 9 29 93 14 92 80 72 87 16 89 65 88 30 40 40 8 47 89 75 16 78 76 10 26 10 71 37 66 32 34 52 47 62 6 57 91 33 7 21 27 89 36 4 61 80 11 12 82 23 14 49 53 25 
270 101 88 103 78 0 57 92 84 79 57 65 80 97 38 76 92 97 80 61 73 103 103 79 85 48 64 60 24 65 # 2 15 15 29 0 14 4 18 15 25 6 4 7 28 29 24 7 4 10 10 4 13 4 18 14 6 10 5 26 
277 28 0 80 15 21 32 26 27 27 23 62 42 36 50 27 71 16 32 78 29 15 61 35 29 58 12 33 44 68 24 70 66 49 54 75 52 55 73 26 27 27 60 55 26 63 46 27 48 57 20 26 71 59 47 39 31 73 1 25 81 30 33 48 42 26 19 51 46 48 30 22 58 47 50 52 29 71 54 28 36 21 # 30 0 29 26 50 20 30 7 59 81 42 6 23 63 65 31 4 51 35 51 26 42 79 8 49 58 1 64 32 5 45 45 54 75 31 14 36 29 30 44 59 74 63 59 53 12 7 54 37 4 10 11 78 68 1 61 52 2 10 52 47 6 54 13 10 26 73 64 73 30 66 49 46 73 54 41 32 33 47 27 50 
248 46 50 2 45 50 32 22 40 7 22 39 47 9 37 36 21 8 38 7 19 49 25 17 4 16 57 11 6 16 52 47 12 8 42 15 25 28 26 23 50 37 26 53 3 60 38 9 26 0 6 27 16 24 39 34 26 14 44 56 46 44 40 13 46 49 # 58 11 49 34 1 36 23 41 50 27 41 1 33 55 55 13 28 41 28 35 1 39 50 44 50 64 13 24 9 31 34 3 50 18 57 53 36 36 7 31 55 16 21 3 59 15 9 10 0 24 38 35 16 14 38 16 24 11 30 34 54 54 32 58 4 
165 45 56 70 45 0 73 1 14 30 24 47 64 19 15 # 9 11 2 9 0 4 5 7 10 5 1 1 8 7 
264 39 14 18 54 49 15 46 55 41 49 18 58 61 39 16 15 40 9 43 37 50 36 13 16 56 45 47 46 38 44 34 60 40 48 45 19 52 39 43 8 31 45 35 46 55 46 43 64 43 13 19 11 42 44 53 53 44 43 25 38 54 42 51 57 39 42 48 43 4 0 50 45 41 14 40 41 19 14 43 49 46 44 16 60 13 14 40 49 48 36 12 44 46 48 47 48 # 31 50 83 10 49 50 72 4 14 68 15 63 32 60 16 2 65 40 53 31 89 43 40 6 4 92 44 73 43 68 41 37 38 57 73 3 35 43 33 69 59 62 31 82 37 35 60 13 66 52 15 40 38 47 10 96 19 33 16 20 56 1 89 63 20 33 7 38 70 0 96 68 14 23 1 90 11 23 76 28 42 1 85 25 52 52 1 27 44 41 18 53 26 42 79 92 
198 10 15 19 27 19 13 28 11 19 37 14 25 0 12 20 27 31 21 14 15 13 30 14 2 23 14 9 20 11 22 40 8 15 20 7 25 19 26 21 24 31 32 16 11 17 32 26 1 23 13 11 27 16 18 15 12 14 20 15 8 9 34 25 12 9 25 # 32 51 45 45 45 29 49 65 20 63 50 40 0 65 3 38 47 34 8 1 51 38 6 13 30 21 32 43 60 54 17 35 19 57 13 39 54 66 15 45 47 36 55 1 55 22 66 13 58 29 32 63 60 26 11 1 65 20 64 35 32 41 49 29 60 18 
225 93 28 31 35 41 110 96 39 101 51 37 95 90 102 95 45 47 113 28 0 31 36 94 40 110 105 30 26 34 101 33 49 94 83 85 60 106 38 96 # 35 28 19 3 8 37 15 22 7 17 22 1 35 30 1 4 16 6 28 0 27 31 13 28 14 7 28 20 27 23 3 5 1 36 34 22 13 4 23 
225 66 29 11 30 24 23 33 37 18 23 28 67 62 36 35 39 35 9 26 39 70 47 17 69 34 22 37 19 31 36 34 43 10 63 27 38 56 43 80 38 46 7 28 34 75 12 69 67 39 30 36 0 22 21 13 39 # 34 10 18 35 9 53 2 44 46 54 9 34 37 44 44 51 31 42 10 25 47 40 33 48 43 28 15 23 4 25 6 14 18 13 10 30 31 16 21 25 16 52 53 7 24 3 1 1 14 2 15 0 28 23 33 15 
239 67 20 57 47 46 18 19 48 46 38 35 42 46 57 44 39 68 41 31 7 58 38 24 33 0 16 55 26 4 42 48 50 24 30 47 61 56 51 42 47 69 48 52 53 40 36 65 44 45 46 39 38 14 38 40 # 47 6 32 30 52 53 26 9 49 24 19 18 39 32 16 54 1 52 28 29 44 11 7 19 0 20 43 23 25 10 4 8 53 28 5 14 8 4 18 39 1 49 16 49 52 33 37 30 18 16 54 19 20 24 24 
206 85 92 10 91 53 74 78 49 45 86 47 49 69 0 6 69 94 13 # 7 4 14 1 9 13 6 11 15 13 14 11 12 0 14 5 4 14 
233 55 34 55 19 17 18 40 49 46 48 46 47 51 25 67 15 41 54 42 60 42 41 35 59 45 44 75 14 50 20 72 54 53 38 56 51 38 49 57 46 45 50 52 36 0 74 27 52 53 28 51 55 52 29 37 # 48 6 42 5 16 16 37 10 25 12 41 37 40 30 52 28 37 48 7 51 7 55 2 3 17 22 31 45 8 5 24 53 42 23 38 29 44 34 3 22 17 17 7 2 0 15 30 36 53 14 38 33 38 14 2 
240 10 52 67 50 30 43 15 61 75 68 39 11 77 26 48 6 73 14 36 28 50 26 25 56 55 41 74 27 53 42 80 48 68 32 70 46 29 69 46 71 73 74 45 0 13 85 58 9 8 49 38 66 72 66 53 57 68 46 67 39 12 66 71 28 71 52 41 71 27 12 75 45 65 45 44 77 76 67 41 73 52 49 29 30 77 69 54 71 70 73 47 46 31 # 49 82 54 39 83 60 18 24 27 59 51 1 63 23 43 44 10 70 34 28 91 23 61 29 81 11 38 22 21 26 76 91 78 84 57 30 22 52 74 38 33 17 6 0 70 76 66 16 16 58 37 73 40 73 2 24 3 43 73 51 48 73 35 23 89 50 60 10 23 12 42 6 56 67 79 40 41 54 51 68 4 32 28 22 80 10 2 89 33 89 58 6 84 
225 27 37 32 21 31 24 37 53 32 32 34 39 48 51 25 52 44 33 37 45 12 27 51 34 27 48 9 51 34 40 11 14 26 10 36 11 13 42 29 52 16 37 50 34 33 29 38 26 53 23 2 8 18 57 34 33 5 24 36 35 18 26 35 54 14 43 28 23 26 28 41 44 47 48 49 0 7 20 30 38 30 23 25 18 34 11 16 5 42 24 34 15 # 48 63 79 34 79 82 11 75 79 5 56 11 73 43 6 43 66 81 35 80 86 58 73 79 48 73 77 43 81 59 34 27 68 52 3 34 21 11 1 14 92 24 74 3 5 70 35 83 74 4 76 77 87 16 45 9 51 68 10 11 32 15 24 40 27 89 15 84 15 62 30 89 38 73 26 0 57 53 1 42 39 37 6 92 10 34 32 76 12 4 18 31 
211 40 28 43 41 21 35 41 32 5 29 24 42 22 29 28 31 58 29 25 17 38 23 22 6 42 24 19 34 35 31 22 29 6 17 28 24 11 23 23 28 37 30 30 33 2 30 30 36 30 51 10 8 15 30 7 21 22 30 20 0 37 32 16 18 1 20 16 39 33 24 28 22 18 34 39 38 31 40 35 27 57 # 75 19 12 62 64 42 75 49 60 15 22 78 56 35 70 14 81 26 70 63 41 67 66 9 48 22 73 8 77 14 27 15 9 53 70 31 51 72 57 66 16 14 18 8 60 35 11 29 32 12 55 9 51 10 24 27 66 14 27 0 48 47 37 34 60 64 37 21 18 22 36 64 20 43 28 41 46 75 47 31 50 
194 57 44 55 47 25 31 27 14 70 59 27 23 77 22 41 53 49 22 21 34 58 60 46 49 22 48 60 65 17 52 59 53 42 18 0 30 50 24 # 17 33 26 15 29 11 5 35 30 16 18 18 28 29 20 17 26 19 34 11 3 10 33 4 19 7 31 10 8 2 1 23 15 29 0 25 26 18 
184 38 39 22 28 35 23 42 36 47 52 21 52 40 41 5 36 67 30 37 26 19 38 38 25 38 28 25 29 35 46 56 48 66 15 14 31 12 42 26 34 18 59 40 24 35 31 25 34 41 29 21 35 24 0 26 36 37 # 40 48 11 24 48 11 13 36 22 9 41 9 29 2 54 5 31 3 56 53 41 40 57 3 57 24 44 26 40 7 12 14 42 35 37 18 15 14 53 6 34 31 1 6 48 26 6 28 22 26 41 18 51 0 6 5 5 
171 77 65 80 28 38 35 68 20 33 31 58 48 45 60 46 39 39 56 37 0 9 51 37 31 # 2 22 1 8 10 10 2 21 24 4 12 15 16 11 5 10 24 13 8 0 20 23 10 4 
135 49 5 5 66 0 4 18 53 15 28 68 36 # 10 6 6 12 0 5 5 1 2 9 8 7 
214 3 18 7 24 47 22 20 15 19 22 29 25 33 22 23 38 23 23 48 29 13 9 21 25 23 24 24 19 4 22 20 31 34 37 42 41 50 41 33 34 21 35 42 17 27 10 22 33 35 25 4 29 25 23 44 31 20 37 34 43 40 40 16 39 31 0 6 31 23 15 36 38 37 39 30 10 24 43 19 16 20 16 34 14 29 35 38 30 35 25 34 # 66 80 67 7 35 81 84 21 44 81 90 6 56 31 23 59 30 30 55 45 76 67 81 30 81 15 17 2 1 41 28 52 56 33 36 34 19 61 65 13 57 59 62 70 26 22 28 75 33 17 1 26 31 30 78 20 28 39 90 36 64 40 70 58 25 0 51 45 14 21 13 42 56 87 11 67 69 38 44 21 9 21 13 21 26 39 58 85 59 18 13 
186 13 45 72 36 55 20 47 52 47 51 52 17 34 52 10 40 33 61 40 49 49 54 64 41 66 22 15 30 54 51 46 47 51 38 50 47 37 52 72 49 56 33 47 42 46 50 11 39 20 36 51 55 47 46 49 52 53 19 53 54 70 54 0 45 47 # 47 48 61 17 51 27 31 30 45 45 9 27 17 40 63 34 28 11 48 36 7 35 18 16 22 6 1 26 59 46 64 31 35 13 40 2 17 51 61 2 29 28 64 19 2 20 15 13 58 13 20 33 31 2 7 36 33 27 11 30 25 38 0 4 31 
213 28 26 40 31 17 25 36 26 28 39 12 29 24 15 31 31 8 43 30 33 48 33 25 21 9 44 37 10 34 25 40 36 26 43 39 27 42 33 41 20 23 32 27 39 29 2 31 30 21 28 32 28 0 27 3 1 36 42 22 25 41 37 18 34 27 22 25 15 26 29 50 42 26 48 20 35 29 23 19 20 47 16 40 14 18 24 23 32 24 34 22 20 38 23 # 65 24 10 45 68 13 9 23 65 62 28 52 87 84 19 60 46 37 87 45 81 19 24 79 17 37 57 25 42 41 35 20 60 58 29 87 61 77 93 82 66 12 78 7 1 53 1 52 63 65 15 65 0 2 46 53 50 44 49 80 31 7 82 22 69 92 89 84 78 30 21 3 30 81 5 38 52 24 85 85 18 14 27 11 84 78 24 50 94 12 40 5 62 59 
184 36 30 13 38 51 53 24 44 49 35 41 46 4 53 52 56 49 0 36 9 37 30 34 32 40 42 6 50 42 36 8 39 39 35 15 37 34 48 34 26 14 48 8 37 53 32 57 28 33 31 41 50 40 40 36 9 31 41 32 52 16 57 51 24 7 36 15 50 31 55 39 53 5 35 38 41 30 39 7 36 45 52 33 48 51 29 46 33 41 55 50 40 14 49 27 39 45 43 37 23 # 10 86 20 21 68 60 100 51 38 49 54 8 18 52 5 15 42 0 10 31 66 86 46 50 80 33 13 9 54 10 79 66 4 23 93 10 88 12 83 64 3 87 79 55 28 57 90 95 22 2 78 38 96 21 23 43 77 54 48 17 35 14 52 100 27 49 41 17 77 72 66 15 13 37 34 33 86 4 27 23 8 28 69 81 28 48 81 24 92 72 38 32 3 42 7 83 96 54 1 3 
148 25 35 28 27 28 24 30 32 24 28 13 50 42 37 23 28 9 11 30 25 24 0 17 31 4 16 35 25 28 39 35 29 30 38 27 38 33 36 52 19 26 1 27 29 34 33 37 28 # 9 37 20 28 35 18 35 16 15 43 18 27 30 38 40 4 25 17 3 15 15 0 11 19 42 18 37 9 15 36 35 1 29 38 20 47 19 37 12 18 15 22 41 5 8 8 16 9 
112 43 12 14 14 4 11 18 38 4 53 18 30 1 24 8 35 29 0 49 # 12 6 13 6 13 15 3 16 13 1 6 14 18 11 18 14 11 0 1 
182 80 68 62 0 21 40 68 43 72 44 18 93 35 60 48 64 23 60 32 22 45 29 34 # 2 18 14 0 11 13 3 22 2 6 4 9 22 6 10 18 5 8 17 5 19 20 19 
119 72 88 0 75 91 91 6 32 27 29 23 89 27 49 89 20 8 95 45 # 19 4 0 1 15 15 3 10 16 9 16 2 11 19 2 3 7 15 8 
149 59 58 33 57 62 60 64 69 50 63 63 35 44 29 39 58 0 56 9 24 54 70 24 26 60 51 17 57 51 55 62 48 44 # 16 26 23 30 16 4 31 11 13 5 4 3 15 23 3 4 0 13 17 27 26 8 27 20 1 9 19 21 13 32 18 33 15 
189 22 4 43 0 9 63 8 55 39 56 51 41 31 65 32 81 7 36 67 57 17 28 16 56 60 14 42 38 13 53 20 43 87 19 6 # 5 4 12 0 17 25 17 30 18 8 32 9 22 20 22 19 4 1 8 24 26 23 17 11 20 29 9 18 7 9 7 12 16 29 2 
190 8 37 39 21 34 26 7 4 11 23 22 6 16 22 3 3 28 46 23 44 27 24 34 5 20 31 48 21 19 19 36 10 41 27 50 9 26 0 32 26 11 35 7 15 6 28 28 25 11 23 21 21 20 23 31 20 23 18 1 25 22 18 18 26 30 4 7 27 28 23 26 25 38 27 1 10 17 28 43 45 34 29 17 17 19 14 29 21 36 40 35 47 10 23 # 7 89 73 30 55 57 12 16 32 88 4 59 44 51 38 59 74 20 11 90 71 94 17 59 58 65 92 29 86 83 23 1 2 6 27 8 94 0 82 60 93 81 66 86 24 34 37 51 12 11 53 53 29 14 82 30 61 83 38 57 51 44 77 88 37 75 12 37 21 88 22 50 31 10 38 1 13 60 33 20 55 61 13 44 63 49 78 56 5 23 81 18 36 14 
168 14 14 10 8 4 17 25 10 9 14 14 23 6 28 12 6 11 29 21 23 9 8 9 26 13 12 23 28 5 22 10 24 21 15 25 19 9 28 8 13 22 27 9 18 15 3 23 7 10 18 4 15 17 16 33 10 38 22 11 10 18 22 26 0 7 15 10 15 18 8 26 15 14 22 15 9 24 11 23 13 12 # 40 81 23 29 46 45 32 43 39 15 8 58 29 7 21 46 67 14 36 41 70 65 4 79 65 8 41 24 51 19 21 30 36 15 58 75 22 79 13 81 36 20 22 6 22 64 74 16 21 80 46 2 34 10 18 21 55 19 37 37 52 33 7 0 13 1 70 15 53 5 35 3 17 44 11 65 20 49 58 70 60 
123 24 61 25 65 26 42 69 37 46 57 43 52 25 49 59 58 59 45 15 28 47 29 28 69 0 48 22 51 60 66 30 50 48 35 # 27 10 27 2 3 8 30 31 6 12 6 26 27 9 16 32 16 6 25 5 18 3 13 30 0 21 19 32 17 4 5 9 18 13 
190 25 21 34 46 53 69 64 55 79 0 68 51 65 64 16 31 71 38 25 34 62 34 69 29 10 70 19 66 38 63 63 67 44 48 35 21 21 61 36 52 # 2 27 16 18 12 11 30 40 40 0 32 34 30 21 25 2 7 3 37 24 38 24 31 1 10 11 15 38 16 21 21 38 39 29 20 27 27 4 3 34 
202 76 93 42 55 112 68 88 36 80 70 0 59 # 6 4 8 8 10 12 9 11 12 12 0 4 
181 9 31 37 39 14 23 13 23 19 0 38 3 22 7 35 29 19 15 16 16 42 27 39 31 30 27 37 40 26 20 33 27 25 39 38 36 36 40 39 42 11 34 46 37 39 37 21 37 22 43 22 38 40 46 18 20 28 24 26 23 36 35 33 34 41 41 37 37 30 40 42 16 17 39 12 27 25 48 35 45 25 # 12 57 61 35 41 51 41 56 55 0 3 10 56 12 64 32 55 5 5 5 28 59 46 16 26 59 37 34 8 17 69 13 60 52 27 15 31 34 3 62 14 31 66 36 52 61 56 61 47 39 47 42 68 80 19 19 30 60 77 13 79 63 24 24 74 38 57 15 26 45 38 18 19 36 1 6 49 54 31 65 58 
150 19 36 16 18 12 7 8 8 15 7 8 20 26 16 19 25 34 17 9 9 6 32 18 3 25 37 14 21 17 23 14 14 28 17 18 14 35 17 20 28 0 # 14 33 21 29 7 21 6 10 27 21 10 23 25 36 23 28 16 9 6 6 24 18 31 41 30 39 19 15 3 12 5 5 30 14 27 6 17 19 38 30 0 
164 85 73 80 82 73 25 18 10 25 27 84 29 56 27 8 81 53 29 55 35 85 53 19 4 60 0 67 62 22 59 52 # 11 27 5 16 28 29 8 15 29 29 5 10 19 9 24 17 31 14 31 12 3 31 7 26 13 0 19 30 7 17 20 
173 3 45 49 15 36 50 47 44 20 22 20 24 17 35 45 11 21 23 17 34 47 36 36 47 29 19 24 33 32 36 22 46 13 48 6 12 35 37 40 37 20 49 12 15 54 26 43 27 48 14 30 47 41 50 38 25 29 30 38 23 18 51 52 20 50 24 11 31 25 15 14 44 22 48 0 48 15 37 46 56 9 4 50 22 26 16 17 25 36 16 17 7 49 # 75 8 76 50 20 3 2 47 26 41 26 60 50 20 72 81 64 31 4 51 79 37 14 8 88 61 64 51 68 28 17 2 81 24 82 67 20 14 40 23 26 49 16 71 62 12 53 12 32 33 25 32 59 74 30 12 48 25 30 17 13 74 54 86 93 9 92 51 41 33 43 39 64 32 0 7 71 22 8 65 35 1 34 41 56 4 33 12 37 44 90 35 34 
114 55 23 88 86 90 0 31 110 # 7 6 4 1 3 0 2 4 
127 28 19 8 21 29 58 33 58 46 50 51 41 23 64 76 60 48 48 4 26 43 38 45 42 0 73 45 71 39 53 66 10 # 20 32 19 2 20 11 5 11 29 18 18 22 2 11 26 6 9 27 25 13 24 1 12 29 0 28 24 14 22 17 14 3 
166 30 29 22 5 7 11 28 6 21 35 35 17 1 2 35 22 9 29 16 10 5 31 33 7 31 23 24 32 0 33 10 6 3 26 27 4 8 2 27 6 31 22 6 8 34 8 7 24 26 20 6 10 9 28 33 27 23 8 5 26 34 3 17 13 7 13 23 6 9 23 7 16 27 14 19 29 23 31 3 30 16 36 25 2 34 29 25 33 13 37 28 35 16 10 23 28 29 28 27 36 # 76 54 50 79 21 53 60 4 50 85 61 93 29 13 30 9 46 73 74 32 36 7 96 36 86 42 95 1 0 76 53 21 14 83 34 33 4 13 60 36 80 9 13 47 88 8 36 9 42 75 4 17 21 87 78 60 3 32 36 57 88 38 19 6 8 6 42 59 58 16 4 74 49 66 63 54 42 76 84 7 74 45 27 29 25 54 27 80 20 82 56 61 74 17 42 39 54 34 34 45 
185 68 25 3 62 40 38 41 68 41 33 85 72 45 55 88 0 66 58 # 13 16 16 14 10 10 10 17 5 2 8 8 9 9 1 0 4 2 
178 49 20 28 31 32 44 28 42 18 13 46 16 23 8 31 21 35 45 32 46 32 29 21 25 7 2 44 34 33 33 26 32 35 49 17 27 48 20 29 22 18 15 37 31 8 22 21 32 23 10 16 19 0 9 22 3 9 43 22 30 20 50 4 24 31 20 36 27 50 35 19 9 51 48 30 21 34 13 47 27 37 38 2 51 14 37 34 45 # 37 9 80 80 65 58 36 82 51 50 88 54 40 25 39 52 30 8 3 27 15 68 66 13 56 53 8 48 19 48 61 75 21 79 51 24 6 52 80 23 12 85 28 22 25 16 2 4 40 45 42 42 0 25 47 83 45 67 9 39 71 74 56 23 39 52 70 16 1 21 35 45 69 79 3 2 48 57 6 31 30 43 53 69 78 67 48 8 
146 36 29 36 26 42 39 35 7 31 25 29 16 38 35 13 32 11 36 24 39 23 12 30 17 35 16 34 27 33 15 41 40 31 6 5 38 25 35 28 34 34 37 4 44 34 36 39 39 37 13 27 38 37 37 28 30 17 19 38 32 21 40 19 36 34 40 0 34 13 27 36 18 33 41 39 27 26 19 35 19 33 37 14 39 26 18 9 15 16 # 7 39 45 10 82 52 73 34 23 21 39 88 54 41 22 28 87 41 21 52 61 87 39 12 29 30 81 4 9 50 75 84 23 35 43 53 19 41 51 73 2 1 67 5 29 79 54 59 79 22 19 53 46 1 28 2 88 26 42 23 80 47 24 7 73 46 0 16 17 77 25 57 33 32 64 10 37 24 27 72 33 79 15 54 21 24 43 83 88 
177 31 9 10 11 39 17 59 52 7 11 67 35 41 45 40 55 59 11 61 50 33 11 55 50 4 22 41 13 32 12 46 7 50 13 58 47 57 7 12 28 14 3 58 42 52 12 8 59 60 55 13 11 13 61 30 43 31 43 58 45 58 35 38 49 54 0 11 59 4 6 1 51 44 59 46 68 15 41 40 39 10 29 62 16 23 58 12 12 10 44 59 # 55 9 2 38 62 34 37 20 70 81 54 1 79 58 5 65 86 3 7 64 29 2 33 36 42 77 15 87 57 9 60 70 64 22 37 73 65 70 3 26 46 71 50 13 24 32 9 35 74 65 2 3 4 86 82 78 55 79 37 90 37 29 62 36 8 0 81 43 42 69 66 64 44 35 14 11 53 15 80 63 2 40 7 34 26 37 3 4 47 15 61 
163 43 45 48 42 43 65 49 49 48 43 3 70 60 33 82 44 74 8 46 61 53 77 78 7 45 67 42 19 15 71 36 16 81 42 34 43 80 80 18 47 24 52 0 38 79 29 6 47 78 78 66 # 4 5 36 44 4 20 4 9 1 31 43 26 42 46 37 5 12 24 27 13 25 17 17 47 16 51 44 39 47 12 14 29 23 44 14 27 49 49 32 34 32 7 0 35 23 41 11 5 17 22 20 
143 2 26 13 9 21 21 1 5 14 19 17 7 4 9 3 17 19 6 15 12 10 19 17 7 3 27 11 21 5 21 3 19 9 4 17 26 4 17 18 10 7 12 20 2 19 18 23 11 16 20 15 15 14 10 25 3 0 13 12 29 # 57 10 20 12 17 11 57 34 33 20 51 31 31 8 44 14 16 29 21 14 13 52 58 18 7 36 33 11 13 43 44 51 18 7 19 55 56 49 16 33 44 4 17 7 23 16 5 40 58 32 9 9 3 33 30 44 0 33 27 26 
151 25 20 30 19 18 15 20 15 31 29 18 31 21 37 0 35 27 29 13 27 21 21 25 38 16 31 19 28 36 28 16 20 17 21 24 7 23 26 18 28 30 19 23 39 18 37 5 27 31 40 16 32 43 # 22 33 10 45 6 19 4 19 3 17 51 10 27 29 0 49 13 40 36 38 2 19 43 9 6 3 25 5 52 43 8 51 8 27 27 47 27 1 31 1 40 5 45 16 33 29 15 7 41 46 6 3 24 
142 24 12 23 20 14 12 16 0 5 2 14 23 6 8 5 21 19 25 16 17 24 9 14 3 16 24 7 13 15 19 14 18 26 13 12 13 17 10 17 13 15 26 16 14 22 11 26 1 11 14 14 14 26 7 24 15 # 30 22 30 39 34 49 29 0 48 8 46 39 9 9 8 43 37 12 41 7 12 14 38 10 31 11 15 49 5 25 40 23 11 35 38 49 7 14 25 35 6 1 44 34 36 38 18 8 38 28 2 35 26 10 3 5 
0 0 # 0 
180 41 19 12 46 48 14 45 6 8 20 28 54 42 24 45 16 12 4 9 33 26 17 0 53 42 57 18 19 18 49 54 55 49 25 39 35 23 24 3 22 21 30 20 30 47 51 49 19 21 25 16 50 34 15 50 33 44 10 21 5 49 21 15 44 20 40 57 41 13 40 20 19 45 19 27 26 54 23 27 54 21 53 28 40 20 47 21 57 # 66 27 58 15 73 69 64 60 8 2 76 46 66 41 64 54 58 39 9 44 14 54 0 33 70 12 16 22 22 45 55 33 5 2 36 56 43 87 23 59 74 76 74 34 73 55 45 27 22 43 63 33 56 6 33 62 25 19 71 39 86 48 6 1 2 35 32 35 58 35 28 29 64 29 14 34 24 59 76 82 10 46 79 35 72 7 48 31 
130 79 77 17 90 9 61 33 26 47 13 69 56 44 72 76 18 70 24 49 54 1 65 67 25 0 50 11 84 41 21 # 2 15 10 28 21 12 24 24 29 5 6 20 29 17 14 27 23 30 13 9 25 6 20 18 0 19 5 15 7 16 
132 30 63 60 25 24 45 28 45 31 3 47 48 70 6 42 38 37 31 42 0 38 15 44 23 38 36 # 7 3 12 24 24 23 4 15 7 20 16 6 2 20 18 7 4 7 25 0 17 14 21 22 26 7 
158 36 49 30 35 40 41 39 12 29 39 19 34 7 8 32 31 32 20 18 36 48 30 13 25 17 27 32 38 41 30 32 22 13 34 45 6 19 32 37 44 16 29 32 28 31 33 33 31 38 43 0 26 11 26 33 41 27 41 45 35 41 41 8 32 49 15 20 46 29 # 4 59 26 27 39 7 15 53 44 28 25 38 36 36 22 44 44 19 66 12 40 44 8 32 23 54 57 39 7 42 16 18 8 46 58 51 23 30 34 61 66 44 16 54 3 38 3 44 60 10 0 24 13 24 27 4 52 28 40 31 20 5 13 45 21 23 19 35 44 
149 59 46 39 51 0 8 42 41 48 52 59 44 45 48 20 40 45 35 37 60 49 40 49 55 38 46 40 76 7 58 48 72 47 31 53 60 47 20 19 33 53 23 50 59 52 13 # 30 17 19 2 0 29 8 40 13 4 30 22 12 13 39 3 7 40 18 11 13 3 14 14 18 13 19 32 5 10 37 36 13 42 10 11 26 39 46 34 23 46 26 30 8 6 
132 21 42 80 2 73 74 0 36 54 45 32 72 67 14 83 96 25 48 34 30 25 # 14 8 5 7 13 12 0 11 18 19 20 13 18 4 6 15 1 2 11 17 1 
136 52 49 58 58 35 16 29 55 30 33 43 51 18 56 61 15 12 59 61 16 36 65 42 69 48 17 54 22 42 24 50 58 41 57 73 57 57 40 19 42 0 54 49 # 31 25 27 14 10 16 30 42 7 7 29 31 20 42 42 17 41 34 3 17 5 19 38 8 11 6 1 39 38 28 40 36 21 14 22 8 14 10 6 33 0 1 25 
0 0 # 0 
127 13 18 9 14 6 11 17 8 21 20 24 10 20 5 19 17 2 16 13 23 11 14 8 14 11 10 12 9 12 10 17 0 9 22 8 14 9 11 10 18 29 19 17 9 20 19 15 23 18 17 28 10 12 13 30 12 12 21 19 9 14 17 # 27 31 35 56 14 39 47 5 43 15 7 35 50 17 2 18 32 4 56 9 39 52 14 56 39 3 39 35 28 28 19 0 5 10 14 52 23 52 8 7 51 40 22 8 40 62 1 9 7 61 9 33 37 27 41 26 28 62 2 8 19 54 
103 34 40 37 39 33 4 28 35 31 48 35 2 30 4 19 7 33 16 39 15 0 12 34 33 6 17 36 19 25 3 6 4 40 15 14 36 37 # 7 19 27 3 9 30 26 13 13 3 1 21 7 12 34 25 9 20 11 35 0 25 9 7 6 22 17 26 28 12 6 30 19 35 22 11 27 
160 30 27 32 27 13 13 12 21 22 24 16 10 3 32 13 15 33 35 14 32 36 0 7 23 13 29 4 6 33 6 2 12 34 14 5 9 1 6 19 28 18 22 31 15 21 42 5 16 17 5 11 13 13 17 13 14 16 7 20 12 30 16 28 33 20 26 12 8 19 20 10 3 4 11 31 22 22 19 34 8 29 34 32 16 33 5 35 7 31 26 12 14 16 4 22 24 # 40 66 61 66 80 7 74 65 8 42 16 36 37 75 32 19 14 14 52 43 18 0 50 9 32 63 13 35 40 35 37 51 64 5 94 68 22 94 41 2 54 45 63 19 41 82 27 5 57 27 12 71 7 48 7 80 16 30 41 36 4 44 4 14 78 95 74 86 48 78 36 37 13 71 1 8 65 41 14 35 66 85 75 55 83 13 85 28 61 10 51 53 25 37 59 24 
0 -1 -1 -1 0 # -1 -1 -1 0 
0 -1 -1 -1 -1 -1 -1 -1 -1 -1 -1 -1 -1 -1 -1 -1 -1 -1 -1 -1 -1 -1 -1 -1 -1 -1 -1 -1 -1 -1 -1 -1 -1 -1 -1 -1 -1 -1 -1 -1 -1 -1 -1 -1 -1 -1 -1 -1 -1 -1 -1 -1 -1 -1 -1 -1 -1 -1 -1 -1 -1 -1 -1 0 -1 -1 -1 -1 -1 -1 -1 -1 -1 -1 -1 -1 -1 -1 -1 -1 -1 -1 -1 -1 -1 -1 -1 -1 -1 -1 -1 -1 -1 -1 # -1 -1 -1 -1 -1 -1 -1 -1 -1 -1 -1 -1 -1 -1 -1 -1 -1 -1 -1 -1 -1 -1 -1 -1 -1 -1 -1 -1 -1 -1 -1 -1 -1 -1 -1 -1 -1 -1 -1 -1 -1 -1 -1 -1 -1 -1 -1 -1 -1 -1 -1 -1 -1 -1 -1 -1 -1 -1 -1 -1 -1 -1 0 -1 -1 -1 -1 -1 -1 -1 -1 -1 -1 -1 -1 -1 -1 -1 -1 -1 -1 -1 -1 -1 -1 -1 -1 -1 -1 -1 -1 -1 -1 
555 -1 -1 98 96 88 -1 -1 293 -1 199 -1 -1 -1 196 190 354 -1 178 0 -1 -1 123 33 174 -1 # -1 -1 4 5 23 -1 -1 14 -1 24 -1 -1 -1 3 22 8 -1 24 0 -1 -1 4 19 4 -1 
2503 550 338 396 347 149 385 198 375 241 391 116 482 192 196 214 191 308 483 543 -1 120 173 244 367 334 299 589 188 395 403 234 284 544 480 303 389 161 441 196 393 562 101 504 386 434 140 545 248 315 317 422 379 385 228 229 276 541 293 548 408 250 506 326 340 306 393 271 438 319 -1 170 353 401 644 427 421 379 148 261 282 0 343 300 404 358 439 256 540 -1 367 451 318 236 378 84 314 418 179 # 59 80 49 2 95 83 39 4 54 94 42 68 16 22 28 37 26 6 62 -1 11 78 9 49 63 67 47 71 63 29 55 23 88 91 83 77 5 51 16 36 1 95 12 24 8 11 43 31 65 35 73 72 26 15 15 48 18 56 33 8 55 45 49 35 56 44 79 6 92 -1 46 4 72 27 73 60 63 11 87 61 0 63 67 10 72 75 15 12 -1 49 45 96 31 8 81 80 3 71 
1329 445 475 404 467 521 339 -1 369 366 259 375 119 437 467 447 373 396 490 264 417 165 502 -1 399 400 407 242 -1 318 323 83 408 386 488 407 244 456 435 258 -1 230 534 268 324 277 445 525 87 0 376 272 -1 449 303 529 -1 384 # 3 15 57 37 37 44 -1 9 29 39 16 31 57 38 46 8 57 14 36 3 12 2 -1 50 24 9 41 -1 54 39 49 26 50 13 25 41 13 26 41 -1 21 14 10 29 51 20 14 31 0 30 39 -1 13 19 2 -1 8 
1703 445 46 222 459 0 385 216 75 421 40 319 311 290 212 257 405 276 439 356 470 379 334 257 207 250 270 175 219 276 259 39 382 488 247 416 121 170 134 289 400 70 48 133 434 215 123 241 89 256 245 375 403 115 59 234 77 311 202 286 # 40 31 24 40 0 19 58 42 21 31 3 59 30 24 37 40 49 44 59 44 51 13 34 37 45 50 38 7 15 50 5 59 4 14 6 53 38 48 26 22 54 31 46 52 37 53 55 8 7 47 39 40 8 31 14 10 59 27 29 
0 -1 0 -1 -1 -1 # -1 0 -1 -1 -1 
96 -1 -1 -1 -1 -1 -1 96 -1 -1 -1 0 -1 -1 -1 # -1 -1 -1 -1 -1 -1 11 -1 -1 -1 0 -1 -1 -1 
1064 177 174 178 72 217 0 184 153 171 215 182 182 144 191 26 196 179 70 279 237 204 56 15 118 131 63 171 205 118 117 62 250 23 109 190 34 35 187 230 81 3 138 79 178 150 66 72 323 262 143 210 73 162 94 216 75 202 203 85 64 104 322 95 123 176 65 136 229 217 82 86 227 156 # 2 53 8 46 2 0 9 29 53 58 1 44 42 11 33 65 53 22 72 39 7 23 6 30 29 31 53 35 61 34 37 72 23 61 67 23 15 2 68 43 6 29 56 73 50 22 60 62 20 25 1 66 73 40 51 46 38 27 56 26 54 19 54 34 8 22 64 10 12 40 26 28 42 
647 105 82 194 135 80 0 100 240 33 128 158 47 128 169 104 -1 41 117 158 -1 # 7 12 10 1 9 0 5 3 6 18 15 6 12 5 7 -1 9 15 7 -1 
857 104 179 210 51 52 135 125 18 71 35 125 113 87 154 142 70 49 136 50 24 47 163 199 0 48 128 130 56 153 194 119 125 4 156 158 148 60 58 19 5 135 47 59 94 140 56 127 211 206 133 193 39 89 26 216 14 192 132 199 48 20 153 118 41 31 139 157 211 109 109 88 60 40 60 223 38 115 129 200 162 130 200 128 110 117 81 141 150 29 218 153 124 105 164 154 # 21 94 82 17 25 11 92 33 37 65 85 70 86 83 69 28 21 6 25 56 64 91 51 0 42 47 84 4 88 51 84 12 24 62 15 45 28 19 56 24 92 10 52 53 78 64 1 59 23 47 57 20 4 20 48 40 34 83 2 21 8 66 12 76 20 41 95 3 93 93 9 17 39 28 90 10 84 11 59 15 92 23 32 93 77 16 66 45 8 68 36 63 1 14 78 
663 69 234 218 170 173 99 111 110 123 21 0 125 12 267 132 127 163 227 139 38 222 118 220 154 306 215 119 128 116 116 229 137 142 103 51 126 68 118 190 259 221 # 37 21 4 38 4 37 8 6 22 13 0 8 11 2 29 36 19 23 32 10 23 8 5 6 14 39 30 36 7 7 41 22 9 6 13 9 35 8 4 18 3 
687 298 124 233 23 40 0 237 149 116 317 170 249 153 223 197 369 352 181 125 122 373 94 320 157 178 81 302 157 141 312 96 314 # 12 22 14 6 4 0 15 29 26 30 8 14 8 15 25 32 10 13 31 31 17 26 32 19 24 5 1 19 2 27 22 30 
718 88 136 86 139 117 183 163 165 232 142 172 224 134 182 218 168 120 0 183 185 178 230 124 124 68 193 122 99 137 128 135 117 108 159 87 136 124 145 128 189 235 146 160 149 133 160 147 # 3 24 25 39 35 8 43 7 22 36 16 15 45 33 21 8 33 0 14 6 16 12 32 17 18 16 17 35 23 35 13 28 3 24 3 37 33 13 5 14 26 39 42 39 37 39 13 
949 138 164 289 294 371 312 100 175 350 385 328 337 36 345 191 379 296 264 91 342 0 61 292 366 370 223 212 25 373 151 137 194 183 219 173 # 19 30 18 18 20 23 22 30 12 11 23 3 21 6 33 29 23 27 13 17 0 13 3 12 20 27 33 21 12 31 19 15 8 33 1 
618 269 177 233 84 172 198 185 217 264 177 221 247 176 208 114 173 84 83 270 269 79 0 183 101 177 219 71 251 268 191 81 246 96 237 257 257 244 252 98 184 198 76 227 185 216 257 240 182 242 276 115 199 259 97 234 238 102 187 108 147 233 190 247 102 85 88 232 254 184 261 247 102 96 139 267 215 256 # 77 13 67 21 60 16 10 76 68 5 8 47 16 41 57 5 31 31 28 75 27 0 48 33 13 8 22 32 70 58 27 34 17 67 68 68 49 34 73 23 62 27 76 25 6 28 34 25 3 38 15 6 77 66 61 55 24 48 72 74 67 44 37 73 31 27 43 38 48 77 47 4 31 59 63 14 71 
569 41 40 74 62 95 97 94 51 94 126 102 79 77 52 38 103 34 109 47 113 59 72 0 57 36 53 46 106 42 75 36 46 63 45 54 # 2 15 22 8 19 7 15 19 13 22 27 21 1 32 25 6 23 16 29 1 26 4 0 14 17 19 29 12 25 24 17 29 2 15 32 
636 30 49 37 55 61 45 23 51 7 0 26 49 12 20 44 41 43 35 39 4 5 43 35 12 35 57 20 55 42 1 84 6 41 59 3 21 47 56 51 12 2 54 38 45 42 80 60 65 56 9 11 65 15 52 51 52 45 46 42 41 26 36 53 60 15 19 12 36 30 91 35 22 14 51 49 58 22 78 50 97 10 48 8 58 44 17 18 29 28 26 12 # 88 45 61 63 38 22 20 82 20 0 91 17 50 91 60 23 90 69 43 41 35 16 11 32 73 88 86 54 43 10 46 21 7 42 30 87 29 8 16 10 30 27 71 23 23 78 74 64 82 20 50 64 50 22 29 8 17 6 89 19 65 25 22 38 21 87 51 77 11 31 51 87 9 82 45 54 41 63 37 70 41 85 32 54 22 65 41 7 27 66 30 
581 13 90 112 21 114 46 48 21 59 131 135 30 145 110 59 136 43 136 89 169 106 34 17 27 173 43 46 81 146 127 96 137 0 70 5 46 118 15 29 54 17 81 115 140 42 14 108 142 23 137 27 91 87 158 16 155 109 73 135 104 18 22 34 10 105 13 101 27 102 149 37 118 40 40 13 46 12 95 132 15 14 171 167 26 21 149 167 98 128 25 73 101 139 160 76 # 64 19 21 1 47 26 6 41 45 89 10 39 50 21 7 59 74 79 28 83 88 4 81 4 20 74 71 58 93 37 42 11 0 9 33 74 5 66 75 27 75 58 5 16 4 75 21 44 41 10 62 2 28 56 75 11 67 15 79 92 55 23 62 33 67 64 19 41 67 93 63 47 71 71 77 24 64 19 30 46 64 56 54 61 80 59 94 31 37 41 34 31 18 54 58 
643 66 35 66 197 145 29 143 68 8 139 116 59 57 156 114 36 100 70 104 137 88 149 94 176 52 71 68 72 46 78 62 59 11 127 57 150 141 117 85 89 95 178 126 143 140 141 48 1 98 83 31 149 61 131 173 115 61 179 136 160 67 161 174 103 86 77 67 137 54 77 92 0 182 83 74 130 117 87 189 # 32 51 13 79 37 72 10 3 48 59 19 51 25 10 64 6 41 13 64 54 50 7 35 63 47 67 25 26 2 8 57 29 9 64 25 5 10 64 50 30 18 24 38 20 10 10 29 72 21 27 6 5 32 76 60 15 35 24 54 7 1 59 52 17 70 26 12 59 47 3 78 0 58 30 27 11 11 39 60 
0 -1 -1 0 # -1 -1 0 
559 129 319 123 157 166 199 156 131 142 177 172 0 179 289 275 241 46 # 3 15 17 9 3 10 9 3 1 9 7 0 11 16 13 11 12 
627 169 86 190 237 202 113 100 314 348 93 197 158 296 45 66 210 162 102 87 341 56 354 105 352 378 254 235 360 273 348 0 80 233 361 275 360 303 89 287 302 327 257 60 332 83 317 # 12 32 17 27 11 19 10 13 20 38 3 23 29 31 21 5 12 7 32 41 14 24 7 30 30 27 33 20 42 46 0 21 11 24 29 9 40 15 35 35 8 26 21 46 15 8 
479 64 70 86 130 109 99 82 53 80 38 58 71 126 43 65 22 53 132 42 65 91 48 83 125 39 83 82 83 63 54 66 72 52 74 0 105 130 78 50 60 # 11 11 7 13 23 27 9 39 34 16 22 19 6 19 22 35 10 37 25 29 8 14 9 28 16 9 9 27 25 8 15 12 19 29 0 3 26 11 19 11 
505 102 73 30 3 73 22 75 27 59 46 85 53 76 25 73 23 15 54 40 79 28 27 42 51 75 75 63 107 66 65 7 64 31 61 64 50 42 43 68 32 73 93 20 62 99 64 75 92 21 22 62 36 82 45 72 38 87 61 43 44 65 45 0 71 34 66 33 56 42 32 61 46 49 13 30 64 38 35 78 30 68 31 93 53 40 70 55 # 83 39 43 63 64 43 2 49 38 62 39 24 5 49 39 49 74 24 80 7 50 14 56 73 76 55 58 1 30 58 4 34 8 60 34 73 33 78 61 80 61 48 74 71 7 68 81 15 43 43 71 67 66 56 9 82 11 9 56 69 59 56 0 81 82 58 22 73 19 6 36 54 10 31 6 24 78 70 26 43 29 8 48 54 52 30 19 
119 119 0 -1 98 95 # 4 0 -1 5 2 
413 37 92 50 73 76 72 47 48 62 17 40 58 73 67 45 46 73 47 52 53 85 83 87 72 49 70 0 78 56 19 52 57 70 48 57 86 56 81 46 49 80 77 15 64 7 7 3 69 44 41 70 46 86 76 85 43 83 67 43 57 18 78 88 71 60 53 40 62 47 31 14 6 47 41 34 52 39 49 72 56 65 64 65 50 64 74 84 49 7 51 24 89 50 77 45 63 64 35 62 # 75 55 25 51 6 68 59 18 12 43 1 66 44 82 77 50 48 56 25 34 41 62 57 48 18 81 0 5 90 45 59 3 14 15 37 62 25 94 50 52 54 5 71 12 72 47 27 58 67 67 29 59 22 6 57 1 86 96 74 52 43 24 23 26 12 52 1 60 52 91 89 47 39 77 70 88 98 18 26 76 82 32 44 50 68 58 22 34 72 95 10 38 67 54 74 12 99 70 35 
462 186 163 185 168 127 128 4 109 203 111 91 239 241 171 144 0 114 -1 # 3 10 14 15 8 17 16 11 15 8 7 4 3 4 6 0 11 -1 
390 112 76 54 5 71 50 21 22 41 41 131 15 97 12 54 32 0 118 123 40 130 125 119 148 125 78 112 91 80 166 7 55 46 40 118 72 96 42 102 134 178 154 11 136 136 38 131 42 169 89 24 87 16 126 # 39 36 34 17 3 9 12 53 46 34 22 4 28 31 6 7 0 27 18 46 19 28 27 21 35 2 39 50 26 54 4 15 48 16 27 5 28 20 37 11 49 24 17 21 11 16 39 20 30 52 7 29 12 19 
366 73 76 53 8 7 78 69 44 57 61 90 93 60 67 1 73 58 4 86 86 67 67 70 89 50 43 65 65 72 87 39 82 50 85 63 58 88 70 71 90 78 74 62 94 64 58 83 46 33 9 63 47 59 67 60 87 56 0 75 94 84 6 60 51 91 3 51 86 66 47 74 10 61 61 9 63 55 55 79 95 83 91 52 32 27 72 45 84 14 70 67 50 66 # 86 86 67 5 18 71 51 26 3 9 30 37 25 27 58 7 3 66 47 47 69 13 27 68 52 84 76 36 74 41 49 6 48 47 13 57 34 45 38 37 59 1 36 32 3 64 6 87 84 66 36 48 17 17 17 34 78 0 29 82 47 15 17 33 19 15 33 47 45 48 43 4 3 63 4 63 83 67 41 20 79 34 92 85 89 7 31 32 75 28 45 26 27 
191 132 115 0 24 71 20 36 68 28 # 2 9 0 6 8 3 6 9 4 
276 33 38 60 71 60 23 63 53 50 55 46 50 55 83 64 46 47 45 63 69 54 27 40 18 48 9 52 50 48 52 60 15 28 55 64 58 56 53 13 6 53 11 23 48 0 20 73 56 71 44 47 41 59 24 16 # 22 22 13 35 10 32 21 51 11 27 50 16 17 47 34 18 11 23 28 7 25 42 33 32 17 40 51 29 16 28 48 39 54 41 19 28 13 9 40 45 30 26 24 16 0 55 49 41 20 33 50 22 21 43 39 
345 77 119 70 116 49 125 96 23 95 113 115 39 72 120 124 133 148 124 81 119 109 123 127 120 135 0 114 149 129 135 130 86 132 131 125 110 # 13 10 5 27 12 14 13 26 13 7 27 8 3 9 20 15 33 2 1 21 9 10 15 10 6 0 36 17 6 29 2 19 27 29 20 9 
307 34 22 6 18 8 52 5 19 22 22 27 19 52 21 22 22 37 29 45 34 15 26 39 6 31 18 9 32 19 41 35 19 41 37 41 29 30 41 20 18 23 23 21 42 20 35 43 30 40 53 38 23 22 24 12 49 3 31 24 49 22 27 40 56 35 25 25 47 13 29 24 0 30 26 25 16 28 27 44 20 47 16 46 43 17 40 43 33 42 34 45 18 21 49 32 52 4 46 46 28 # 18 80 57 76 24 99 72 82 4 8 12 26 19 32 32 82 46 78 30 58 55 54 20 7 73 82 5 74 82 49 20 82 23 1 51 11 77 86 85 82 12 16 4 35 32 20 51 100 51 96 17 16 12 80 27 23 72 37 9 81 45 16 65 6 70 14 15 19 27 74 80 0 78 71 41 69 67 93 87 26 19 21 49 63 21 90 63 18 25 95 30 85 26 19 36 81 57 33 30 62 
284 24 28 29 30 33 25 39 44 45 33 22 24 17 35 33 28 35 35 31 2 29 33 21 35 30 32 53 37 29 45 27 37 31 55 28 29 34 35 40 25 23 40 32 47 31 20 46 28 0 27 31 35 33 35 33 36 26 24 39 33 27 28 26 47 31 58 27 31 23 48 37 29 38 17 42 50 16 32 28 26 33 31 32 22 30 24 24 47 14 29 34 # 41 50 2 21 68 12 73 39 75 19 46 84 77 51 21 63 78 50 85 49 6 90 74 53 2 79 76 83 50 75 58 4 63 27 31 2 83 5 71 12 11 32 21 75 25 74 9 80 0 87 72 4 6 4 36 87 84 74 71 2 23 46 6 9 3 27 6 3 11 88 91 57 37 77 42 47 89 72 12 41 11 4 2 23 6 69 69 30 20 40 55 
315 83 121 136 125 1 43 0 119 140 148 124 79 46 117 129 135 34 35 104 124 7 113 6 36 97 121 59 # 12 14 14 11 7 24 0 22 3 15 8 13 6 19 11 4 23 17 25 12 23 19 7 5 12 22 24 
317 66 9 38 61 35 96 92 14 37 93 46 20 45 33 38 92 34 47 39 47 22 49 38 30 64 43 19 16 40 40 53 60 26 81 52 34 55 85 0 38 55 49 37 46 96 # 44 39 17 37 17 7 38 2 36 16 19 2 15 24 9 38 14 44 12 11 8 23 43 12 40 29 28 2 15 43 35 3 12 13 9 33 31 34 0 24 42 20 5 9 16 
309 44 5 147 61 44 63 61 42 67 66 19 87 110 83 78 60 60 0 65 58 121 64 65 29 22 59 28 103 46 114 58 39 71 51 82 130 41 91 111 71 84 69 75 65 68 60 62 116 68 99 36 44 15 26 37 52 8 28 2 # 24 59 36 16 55 17 17 37 6 22 53 33 50 35 44 56 26 0 22 34 48 31 22 58 53 31 25 50 1 13 52 51 42 8 40 21 32 14 13 42 14 46 40 4 23 20 7 39 16 38 58 37 57 53 51 34 18 11 18 
0 -1 -1 0 -1 -1 -1 # -1 -1 0 -1 -1 -1 
224 5 48 27 41 72 39 30 37 11 69 89 23 46 78 14 74 10 42 11 16 0 18 47 57 67 48 15 65 46 41 62 51 39 48 46 51 25 33 18 22 59 17 63 47 52 71 40 26 54 30 77 77 14 42 54 53 49 15 19 24 34 44 79 38 # 21 44 48 33 25 8 3 38 17 25 14 58 6 52 17 5 1 4 17 58 0 15 30 36 31 18 53 43 47 64 24 62 64 44 38 44 22 7 42 20 24 27 41 13 26 25 33 37 36 39 5 16 19 6 56 45 34 53 22 12 38 6 16 38 
311 24 48 23 83 78 38 52 56 18 67 32 75 4 29 12 0 19 6 65 21 24 20 46 9 10 59 27 31 38 30 75 30 103 14 49 46 76 66 25 21 40 45 22 100 6 72 24 35 35 45 59 59 24 36 42 29 63 88 32 58 33 25 73 5 5 # 43 23 20 5 52 27 50 35 34 38 62 46 16 62 18 0 9 13 60 17 15 9 42 45 45 8 9 20 28 14 57 47 44 24 50 6 31 19 1 17 54 56 40 58 65 57 15 11 11 41 8 8 3 48 11 47 52 31 56 8 11 1 46 13 16 
282 82 70 102 47 87 38 40 72 57 67 120 105 106 94 122 98 52 96 101 65 108 69 11 67 40 110 49 44 93 90 109 86 0 57 59 64 84 # 8 24 32 25 32 23 6 27 4 36 26 32 12 30 11 30 6 5 16 4 12 24 33 9 6 13 6 25 30 5 13 37 0 28 9 4 1 
229 70 57 82 24 0 60 52 87 10 9 85 # 6 9 9 5 0 7 4 6 10 5 3 
257 15 15 1 5 46 3 16 10 36 43 3 28 23 31 10 59 45 11 67 5 24 1 48 20 1 54 13 17 23 34 62 44 3 6 18 40 11 14 42 46 9 12 0 32 30 9 43 37 74 31 11 26 25 39 4 9 20 44 14 14 9 15 12 40 5 53 24 # 56 37 43 43 30 22 60 41 50 64 22 57 24 67 61 26 58 46 31 3 28 43 5 42 43 66 63 37 2 12 16 47 22 20 60 48 46 37 64 32 65 18 0 45 13 20 36 9 19 29 15 21 2 50 6 34 1 47 65 20 25 60 37 54 55 32 28 
224 44 53 33 13 39 50 48 54 14 16 31 54 24 54 33 15 39 38 49 35 49 53 55 33 53 3 52 38 11 25 51 42 9 27 30 38 10 21 41 17 58 22 32 40 15 24 24 24 0 # 5 27 43 26 28 20 39 31 29 9 48 25 42 6 16 29 11 20 7 15 7 27 8 11 21 49 6 15 33 40 3 20 26 13 13 20 26 16 28 45 23 29 11 15 9 42 10 38 0 
245 76 40 47 75 63 73 44 68 33 65 31 87 16 77 26 49 0 75 92 55 52 53 27 # 4 11 15 10 20 8 17 21 11 21 23 14 17 4 13 3 0 5 1 21 16 13 15 
240 15 32 13 20 15 42 12 10 22 32 0 8 27 56 31 21 58 7 9 11 21 37 35 13 13 8 5 23 5 19 6 48 3 21 14 21 11 32 25 55 16 9 11 41 17 23 6 6 33 47 10 25 45 8 38 23 33 7 9 1 49 15 16 53 5 20 26 # 43 15 43 5 20 44 51 48 36 21 0 29 45 64 67 30 14 47 54 60 62 23 66 65 7 58 11 66 33 24 65 50 60 7 3 20 42 15 9 64 5 18 8 22 7 30 65 33 52 55 59 28 22 29 22 21 52 27 58 11 50 37 24 50 33 30 39 
232 7 50 83 44 49 69 71 68 16 58 57 12 92 45 70 89 76 77 97 62 54 67 72 54 47 55 57 5 36 54 15 80 60 0 # 28 25 7 29 14 22 6 22 31 30 26 1 16 4 8 32 22 8 13 10 2 10 8 14 12 2 25 34 12 5 28 20 24 0 
244 12 84 32 72 15 0 27 17 48 8 21 13 65 71 63 11 78 64 12 92 36 16 30 44 20 21 56 75 11 7 70 31 15 15 66 68 30 50 67 54 26 18 73 18 23 24 33 28 10 59 19 56 67 5 60 42 16 59 76 68 9 58 70 64 66 # 29 17 7 18 19 0 45 1 24 54 34 1 52 31 55 61 43 15 16 17 47 1 48 56 19 57 40 31 61 54 35 7 1 29 13 18 41 24 64 24 8 22 63 5 26 26 23 44 30 62 42 40 64 6 52 21 29 62 14 13 30 52 39 15 64 
244 55 45 25 65 83 23 0 30 92 46 10 31 31 57 56 47 55 50 12 7 42 38 61 27 66 51 19 52 32 41 52 70 57 44 39 40 50 68 13 65 98 50 43 32 53 36 40 54 81 39 49 38 42 # 45 43 27 51 49 27 0 24 5 2 20 24 3 1 31 2 48 22 11 7 50 13 33 3 4 42 11 42 24 52 30 38 15 29 52 29 51 25 11 45 9 51 46 6 31 13 29 31 38 52 10 44 22 
250 13 31 26 35 17 33 25 27 5 14 20 0 21 41 3 16 36 30 33 39 23 28 33 42 29 28 44 40 16 33 39 19 36 29 6 40 13 22 39 36 24 30 24 49 45 18 19 34 10 27 46 29 18 50 44 18 29 # 15 42 11 23 37 57 13 32 12 35 16 0 56 28 12 10 30 41 57 34 13 50 2 36 50 13 36 39 35 8 17 5 18 13 9 40 49 46 40 6 16 52 53 27 55 5 46 23 15 11 20 16 16 27 3 29 50 
62 5 62 0 # 3 1 0 
207 10 67 75 60 59 40 28 36 70 30 68 56 78 65 13 48 20 54 57 41 82 69 47 61 59 59 64 55 52 60 64 51 4 79 62 58 18 12 67 74 62 0 20 56 24 61 77 37 19 22 58 21 # 33 31 39 51 12 8 45 10 14 7 51 28 3 5 38 6 37 29 23 48 34 14 20 18 44 28 44 18 32 12 30 6 42 13 5 18 15 1 14 9 19 0 49 29 50 19 22 8 15 43 44 43 
179 37 13 14 15 32 26 15 24 11 27 5 0 9 7 25 7 33 34 16 5 17 6 27 17 12 17 33 32 12 38 17 18 27 11 14 15 30 20 3 35 34 25 29 34 10 9 8 28 20 16 35 11 31 14 22 17 36 10 31 18 35 # 17 52 58 25 37 15 2 26 46 38 39 0 16 20 60 22 48 27 2 39 36 20 42 4 9 50 28 33 52 59 19 26 6 58 34 54 26 26 12 44 17 31 23 5 16 14 20 33 19 54 18 14 60 45 31 19 27 22 37 54 41 
220 43 17 27 28 21 37 26 24 43 28 46 30 18 23 20 25 29 26 9 23 26 28 29 40 31 31 29 34 38 39 41 29 31 30 15 32 40 31 27 22 32 35 45 41 3 27 38 33 36 38 29 20 19 25 44 41 31 43 34 37 23 0 37 33 37 40 35 38 32 37 30 13 30 40 41 11 30 28 43 23 21 16 46 22 39 31 46 30 36 40 20 24 29 38 29 31 19 19 28 38 # 89 82 7 39 15 20 61 61 31 3 75 27 2 81 98 20 99 92 45 40 14 39 4 50 27 73 8 71 28 48 37 78 27 27 72 33 100 46 18 5 57 51 1 66 62 8 6 41 59 6 99 97 2 8 1 24 4 29 77 67 84 0 89 36 33 70 28 6 23 73 23 76 51 29 37 19 23 46 31 40 98 35 9 15 50 73 55 78 28 33 97 84 22 6 46 34 2 35 3 60 
190 60 67 49 87 79 18 102 30 50 35 31 91 96 71 23 25 101 28 36 34 17 63 16 98 70 46 5 0 64 66 27 99 67 # 3 1 26 14 14 27 17 31 20 8 8 4 12 29 6 15 24 16 16 31 23 1 28 13 30 20 28 0 22 22 16 13 1 
251 61 23 41 18 54 30 48 57 24 47 50 50 31 0 38 60 31 40 27 34 45 46 70 67 32 49 35 51 43 49 52 76 47 70 28 42 46 52 45 36 34 41 35 44 74 30 14 7 52 47 44 36 48 34 50 47 46 59 43 51 40 44 50 46 69 65 # 16 4 61 47 33 35 56 57 2 37 26 22 35 0 40 33 6 15 9 46 29 29 24 58 46 51 20 63 42 56 11 16 22 66 19 3 62 12 44 6 13 61 41 18 34 35 48 14 50 62 42 25 37 2 57 39 39 38 36 53 20 29 53 29 49 60 
247 81 55 79 0 47 110 76 35 131 67 61 # 3 8 4 0 8 1 5 4 6 11 5 
222 41 54 76 56 47 50 34 82 3 66 13 35 70 44 58 12 37 52 93 48 28 54 8 96 59 61 11 63 56 5 29 55 72 90 51 27 24 29 71 60 43 80 31 74 10 70 84 51 48 15 13 49 23 72 70 12 64 69 0 33 30 46 63 17 58 58 56 60 51 # 38 48 39 32 14 49 38 42 59 29 27 38 58 41 52 27 7 35 34 14 53 20 30 19 66 40 45 15 2 9 21 22 39 47 6 37 53 21 58 32 1 46 61 58 30 58 8 20 62 51 56 49 51 46 58 27 25 10 0 61 21 14 26 51 35 35 69 25 5 
212 23 10 43 40 28 38 13 28 18 21 29 21 24 38 18 42 18 17 14 27 30 33 39 12 45 7 30 20 19 13 42 36 22 20 40 15 4 36 31 3 24 23 40 22 31 41 34 39 14 0 23 5 41 41 27 41 38 39 43 42 37 23 21 36 13 39 42 29 39 24 37 37 25 47 29 19 33 34 36 19 37 18 21 22 38 17 43 40 37 # 29 37 35 48 55 79 2 13 36 15 8 28 51 72 36 64 18 24 65 73 41 39 32 26 53 40 8 29 18 24 54 47 12 29 66 24 40 77 21 50 42 83 23 12 8 81 39 71 7 0 12 40 32 88 10 64 71 79 56 4 32 63 15 47 2 89 71 8 89 62 79 78 51 25 20 49 39 22 77 17 79 30 29 83 81 19 16 22 38 
206 35 45 50 36 52 59 59 58 53 69 14 44 13 31 56 56 34 43 36 56 46 51 47 36 48 76 58 44 25 43 47 33 26 63 28 46 49 51 44 44 56 5 48 55 50 54 0 62 58 54 53 45 24 45 47 60 71 37 62 31 57 45 60 20 47 61 55 62 47 18 52 48 23 48 53 39 54 51 54 59 46 49 42 39 78 30 39 29 59 32 49 51 57 51 # 17 12 72 1 78 8 50 93 5 59 13 18 42 88 51 50 32 84 1 71 52 31 2 17 69 57 9 30 53 76 21 88 29 48 33 62 43 43 30 18 46 47 54 79 82 51 0 66 41 22 22 30 73 28 81 16 10 4 49 86 16 28 15 11 52 89 79 89 54 13 3 81 70 55 71 24 9 37 38 93 12 25 84 4 26 33 24 33 8 14 65 3 67 45 
158 69 38 27 29 20 47 75 23 37 60 17 39 29 47 58 4 39 50 30 21 6 1 15 61 43 41 48 45 1 40 37 45 0 40 35 40 5 # 24 4 23 8 11 26 1 5 35 15 23 9 3 28 27 22 2 34 4 5 33 33 16 10 36 36 32 34 33 17 4 34 0 35 3 31 33 
163 8 1 31 21 6 41 15 18 8 19 19 8 0 7 32 4 6 33 44 9 27 11 17 34 14 15 34 38 30 22 20 21 32 18 10 16 12 26 5 17 10 20 9 21 11 9 21 11 7 34 14 39 19 21 9 2 # 14 13 29 31 16 52 37 22 5 51 20 56 0 17 3 13 39 33 6 14 30 9 46 33 37 37 15 27 21 23 26 31 26 23 49 7 35 8 2 51 46 10 12 31 20 17 11 9 5 15 22 28 8 8 12 2 
194 64 43 57 38 66 37 41 64 61 61 61 68 61 51 9 38 39 38 25 55 53 58 45 19 18 57 71 66 54 55 24 50 8 67 40 35 39 39 15 57 56 13 61 44 60 8 50 54 38 7 58 52 20 2 59 60 51 0 55 39 70 61 55 70 # 13 38 14 6 1 36 38 10 26 59 56 34 40 47 46 6 4 6 31 29 23 3 6 25 39 20 43 10 21 14 24 2 50 56 60 19 49 49 33 29 30 33 55 38 59 50 2 21 6 54 59 57 25 58 51 22 47 0 48 18 8 45 14 28 
192 14 27 39 22 19 20 24 12 5 17 10 17 28 34 28 29 27 22 16 25 22 9 18 21 22 14 27 13 31 21 37 15 25 28 20 18 24 12 20 13 20 25 27 21 12 19 19 40 18 17 26 20 19 26 15 26 22 26 25 28 30 24 26 41 25 18 16 19 29 0 21 26 16 36 13 24 19 34 11 23 24 20 22 # 38 76 31 23 66 68 52 79 70 38 22 26 27 83 72 33 58 44 1 57 12 9 19 5 53 38 25 8 61 82 74 26 37 81 68 10 21 11 68 38 53 62 20 52 22 12 49 3 26 67 33 77 23 42 26 65 71 20 37 43 44 21 65 48 37 12 32 55 2 0 73 25 79 78 38 25 32 59 22 83 77 68 5 
211 29 23 70 81 1 52 64 58 73 70 50 0 44 86 # 2 12 11 11 12 11 8 11 10 6 1 0 1 1 
150 61 8 92 70 52 35 16 75 28 43 42 26 10 72 4 42 41 84 2 71 53 79 61 12 54 88 0 # 5 15 8 23 17 12 13 20 12 17 17 7 2 20 27 17 6 14 27 4 5 20 25 2 17 18 0 
30 0 23 3 8 4 # 0 4 1 1 1 
193 64 36 46 71 38 60 40 65 19 7 47 19 39 58 19 18 16 20 28 54 55 65 3 40 57 60 17 20 35 28 13 65 52 47 37 61 20 63 31 47 63 30 23 7 65 23 36 25 66 22 48 64 53 53 46 25 27 51 37 19 70 23 59 34 39 17 25 56 64 45 48 39 29 57 0 # 36 29 70 61 59 74 65 52 16 23 55 66 35 74 16 66 31 17 57 54 53 52 75 59 20 74 17 17 42 67 10 52 58 3 39 26 12 6 57 55 6 43 28 23 41 9 29 37 38 28 40 38 58 33 70 50 16 11 2 66 26 15 53 42 5 17 62 33 38 59 40 5 57 21 0 
256 92 75 134 111 48 88 79 132 148 152 142 0 127 122 110 94 # 7 5 8 1 12 2 2 14 13 11 3 0 4 1 16 2 
162 6 28 63 53 2 15 26 16 17 22 27 22 21 41 45 56 32 35 35 36 46 17 31 44 16 24 14 32 52 51 38 15 24 58 44 42 7 55 49 12 30 60 17 64 20 58 43 45 19 38 56 0 56 25 50 29 46 47 10 7 57 23 13 52 46 34 32 16 31 48 # 5 7 46 30 52 27 26 32 68 13 54 13 9 20 24 38 69 66 17 19 47 27 56 47 32 62 63 2 30 35 19 63 10 29 31 14 1 4 35 59 56 61 68 42 43 38 36 47 8 19 38 0 38 26 35 2 35 15 37 1 51 10 60 48 24 69 23 32 41 57 
180 9 26 42 58 50 47 30 6 19 35 28 22 27 29 11 43 24 7 32 18 50 55 0 48 52 19 5 38 39 4 6 8 29 14 8 15 18 26 55 25 52 10 48 32 54 37 29 50 27 46 30 13 12 39 56 8 6 9 16 46 17 54 43 54 40 58 53 53 23 53 60 35 27 53 22 8 25 56 53 12 36 55 55 51 45 59 16 54 19 17 52 44 30 34 58 56 51 40 # 56 40 65 96 43 85 47 27 36 94 13 37 2 11 42 3 69 27 7 61 50 67 0 85 21 20 30 19 46 23 27 31 73 52 18 34 59 69 45 9 84 1 50 51 70 10 49 43 40 92 13 53 15 28 64 27 30 32 34 3 36 79 3 97 29 88 25 41 12 25 86 19 2 25 89 31 75 22 21 42 72 88 41 5 16 66 36 41 90 59 84 3 33 19 70 45 5 54 
157 14 5 6 21 20 16 14 24 21 19 13 27 37 22 11 0 28 28 13 29 10 28 25 34 13 14 12 12 17 16 17 35 14 13 19 15 11 10 17 22 35 38 8 19 30 18 12 33 20 7 21 13 29 17 19 24 30 34 28 12 27 10 31 15 15 14 24 21 25 20 18 20 6 14 24 36 26 31 24 9 28 13 # 25 16 2 70 31 74 25 40 5 33 60 23 41 68 21 0 61 23 38 77 80 12 79 48 27 15 37 37 6 64 64 48 62 28 6 7 43 50 6 68 48 76 3 71 17 1 15 78 44 3 72 28 12 25 39 40 75 48 51 37 51 80 45 66 1 11 72 44 56 44 29 44 2 52 51 24 23 18 51 3 12 27 
178 30 8 31 61 16 52 54 53 57 53 72 33 52 52 47 45 52 64 43 64 47 22 27 42 34 65 23 67 51 66 53 39 46 19 32 46 55 47 24 39 40 70 35 21 0 24 35 51 67 66 38 28 18 68 67 15 26 # 27 45 39 7 56 48 6 17 37 29 42 3 48 15 36 19 33 17 24 9 36 34 57 41 1 4 22 20 16 4 17 25 19 5 3 16 38 36 27 51 47 49 25 5 0 27 12 38 18 26 25 23 5 30 26 2 27 
99 12 54 40 25 18 18 0 15 24 35 # 7 3 5 6 8 8 0 1 1 1 
167 30 16 18 18 38 12 34 47 43 17 16 19 33 18 51 18 44 17 27 46 17 54 50 13 46 40 56 31 7 35 11 12 29 14 0 38 19 49 18 12 43 55 10 18 53 35 52 45 46 15 36 41 36 26 44 44 38 42 45 57 # 16 6 21 2 46 31 28 59 5 2 50 4 28 40 55 10 41 2 3 48 50 47 38 32 59 36 22 33 35 19 43 43 19 40 0 46 18 59 21 43 5 45 29 10 15 7 25 9 56 40 46 13 46 3 9 41 51 5 41 27 
148 53 0 99 97 37 82 104 # 5 0 1 6 2 1 3 
167 0 167 96 # 0 3 1 
116 24 50 32 41 57 18 44 63 59 49 12 11 7 40 58 9 0 6 # 11 14 6 14 2 12 3 9 7 7 12 16 18 1 5 13 0 17 
158 34 11 21 30 3 11 17 25 13 21 18 8 25 21 18 11 14 29 24 7 6 31 29 24 27 5 15 26 28 28 15 8 17 25 26 0 7 32 25 19 17 24 10 30 28 16 9 30 13 18 30 27 26 20 15 17 28 15 25 # 51 47 46 52 36 20 17 10 6 55 46 37 19 31 41 43 9 30 14 26 5 51 45 54 59 5 17 8 8 24 16 36 55 19 14 0 26 44 19 17 46 54 47 45 52 55 37 57 6 41 24 53 19 12 43 27 8 49 19 
73 73 0 # 2 0 
141 11 30 39 18 42 28 6 12 33 32 3 37 14 33 15 7 13 15 36 20 5 16 32 16 31 23 21 33 40 14 37 12 33 25 29 37 34 9 31 19 33 27 17 30 10 7 8 35 0 17 9 37 41 32 2 17 34 9 34 17 46 # 45 35 36 43 3 42 21 38 10 25 49 35 17 39 13 7 32 30 25 40 11 1 25 30 44 27 18 2 37 38 33 51 23 20 6 19 33 7 35 60 25 34 15 35 38 7 7 39 0 13 46 9 3 25 49 13 41 7 41 32 5 
136 62 29 33 0 20 70 24 19 10 22 14 31 24 33 51 17 60 34 48 48 24 49 17 17 26 28 18 8 16 34 18 63 9 67 # 17 16 12 0 29 34 27 27 28 5 9 2 10 21 22 11 19 12 30 3 23 19 11 29 7 25 16 4 11 3 16 1 28 1 
112 39 67 41 65 23 39 61 0 26 42 # 5 1 1 7 8 9 1 0 5 3 
116 0 56 27 66 47 45 19 6 50 73 28 38 48 # 0 9 7 9 6 12 1 1 12 4 3 3 3 
138 16 7 3 16 12 25 13 11 10 0 11 16 4 14 5 22 21 22 18 14 13 12 19 11 11 10 24 17 22 3 5 18 23 24 23 1 16 4 13 13 15 17 5 18 11 10 15 17 10 8 17 9 17 6 25 15 12 17 25 10 6 17 # 56 15 10 56 45 27 5 49 52 0 46 21 30 8 13 37 21 44 62 39 25 24 4 52 49 31 17 56 23 10 13 42 18 29 29 10 20 36 11 9 7 47 30 62 49 50 20 37 50 2 20 15 9 15 33 26 25 49 18 61 38 37 
145 19 26 29 20 24 29 11 20 19 25 25 8 28 25 30 27 6 22 4 36 31 1 4 17 18 23 11 31 1 9 36 19 6 22 17 33 27 10 26 26 3 27 34 26 0 27 34 20 18 31 2 24 36 29 11 8 6 6 24 16 10 26 19 19 28 33 21 25 5 20 28 4 31 27 23 18 26 37 6 21 39 14 28 # 25 5 42 76 67 44 38 9 49 26 8 17 14 52 3 11 72 67 51 43 15 45 51 60 60 4 30 15 45 12 36 25 23 80 60 15 2 30 26 11 51 5 66 11 0 2 66 25 60 15 22 26 66 13 17 69 69 69 80 82 30 11 35 49 2 73 35 26 19 9 62 22 15 14 34 24 11 31 23 63 78 27 62 
144 25 33 38 8 13 25 20 38 39 6 42 22 18 32 45 54 18 8 15 27 39 26 0 29 17 25 35 34 16 46 20 19 34 29 34 35 43 21 30 24 37 42 41 23 33 18 32 21 19 23 14 37 41 39 40 41 27 # 40 14 52 10 4 7 25 52 52 23 55 13 25 39 37 30 25 10 5 6 33 1 0 22 5 44 45 14 51 15 46 17 47 20 45 2 11 7 24 44 2 55 52 32 24 5 38 32 17 12 5 45 9 27 9 3 6 
139 33 29 49 59 56 33 66 15 48 62 11 46 44 14 10 0 63 7 48 61 63 23 63 48 1 53 62 38 61 49 65 43 49 46 62 44 70 41 67 62 9 37 63 68 68 54 60 72 30 10 16 59 24 9 10 34 45 # 2 22 19 5 46 49 47 14 57 47 15 57 38 11 41 0 29 25 12 4 27 51 29 13 16 3 29 56 4 9 47 38 19 57 29 32 7 28 7 47 18 6 29 7 17 33 52 37 2 18 8 46 22 18 54 1 13 
123 27 6 22 24 43 31 34 26 29 29 20 21 26 33 4 30 30 27 38 37 24 32 39 33 31 27 15 31 28 25 21 17 21 19 28 29 13 33 0 32 46 3 31 40 1 2 33 # 4 42 11 33 23 17 28 34 29 29 34 34 21 10 42 29 35 8 20 28 12 17 7 25 16 4 37 18 4 21 11 27 11 27 26 18 45 29 0 16 5 46 18 19 39 39 17 
151 31 29 23 22 25 37 30 2 29 16 4 27 2 27 19 38 23 26 0 36 33 58 38 27 24 29 31 32 21 17 29 24 37 16 35 11 31 26 56 20 3 34 10 39 7 17 9 21 15 54 4 47 10 43 # 31 5 15 48 29 20 9 19 18 49 8 5 19 18 49 21 48 25 0 35 12 39 6 18 3 25 7 14 49 34 12 4 20 36 31 53 3 32 50 30 8 9 51 35 51 10 45 15 36 52 8 54 47 44 
125 26 24 5 44 31 18 34 30 22 25 30 35 26 42 25 43 5 28 21 20 22 23 30 33 25 28 35 9 29 24 27 18 32 7 0 # 30 22 35 16 1 34 5 1 32 6 30 18 10 11 20 14 35 10 20 6 19 19 18 23 19 25 7 34 18 21 25 17 5 3 0 
135 5 31 26 16 17 4 17 37 35 30 0 2 13 26 31 33 15 26 32 28 16 8 20 29 29 1 30 31 10 14 12 18 6 31 20 16 15 21 29 14 14 19 29 33 25 17 18 24 36 17 35 6 15 4 3 37 30 21 23 25 17 9 27 21 31 18 16 3 5 32 32 34 7 15 28 30 2 32 20 13 36 31 # 6 10 23 74 4 77 67 2 72 25 0 11 31 60 27 34 30 59 76 14 13 73 47 20 20 11 39 75 62 31 29 37 6 43 7 17 40 23 63 31 13 66 20 15 59 41 7 59 9 4 72 55 30 68 26 72 24 79 64 48 67 22 18 79 25 36 37 12 6 2 24 70 1 40 14 24 11 65 42 31 65 57 
107 72 92 55 5 0 22 45 73 82 # 3 1 7 5 0 5 6 1 8 
139 19 14 3 20 23 21 31 20 33 28 19 20 31 13 17 27 18 16 8 26 21 25 22 16 24 27 18 29 2 27 26 17 0 23 18 28 24 13 17 20 24 15 18 21 19 15 20 20 27 19 23 19 21 28 23 29 31 28 15 21 # 14 14 29 11 50 4 54 35 10 30 27 35 28 19 24 55 42 46 29 23 52 41 32 59 53 20 39 36 33 20 23 24 0 23 32 20 23 19 2 1 53 2 15 47 42 38 52 52 31 35 44 35 47 22 60 46 56 26 38 27 
183 49 16 55 43 46 26 42 49 28 48 32 0 25 45 35 5 7 45 44 44 9 51 6 47 44 48 26 45 37 59 40 13 38 47 22 9 50 11 48 43 24 35 5 30 8 31 29 4 41 7 30 47 29 7 42 45 53 50 49 10 51 29 25 49 25 36 15 8 47 44 44 6 61 27 57 10 9 30 47 45 33 7 62 40 48 31 30 44 11 52 58 49 44 44 # 34 67 61 33 25 63 49 52 6 20 46 0 41 71 46 48 72 88 40 4 54 37 16 40 7 69 63 19 42 75 29 36 29 5 2 82 19 45 34 7 35 11 48 74 54 44 9 12 84 23 53 70 9 16 31 93 22 20 34 36 37 65 41 26 41 15 32 43 18 55 4 43 75 63 3 21 17 47 40 25 44 23 73 33 52 47 9 4 68 37 3 26 55 55 
128 18 34 26 32 50 15 22 43 46 42 19 45 22 33 48 30 32 40 23 24 23 0 16 25 27 17 31 22 37 26 46 # 23 27 24 27 15 22 23 29 8 16 26 10 1 24 12 3 30 4 13 19 1 0 6 13 20 6 28 26 4 19 12 
151 32 21 35 32 36 27 3 2 36 28 12 31 35 23 28 27 24 30 34 24 29 32 31 37 3 22 35 23 19 33 37 36 18 32 15 24 26 34 22 32 33 34 24 36 26 28 30 29 30 27 30 23 34 26 36 16 19 28 25 24 29 30 0 30 29 16 35 29 4 30 20 28 29 20 34 39 35 5 7 26 27 13 26 28 22 36 33 31 27 11 33 39 20 35 32 3 5 26 31 # 12 74 41 99 41 98 8 63 67 6 90 51 41 39 6 54 39 61 49 14 15 88 49 86 8 2 75 85 33 23 5 77 35 10 11 39 20 30 71 12 88 91 14 13 20 6 61 10 10 83 21 26 22 59 3 35 56 83 26 14 15 15 0 61 58 11 19 15 8 48 29 81 15 29 23 27 12 96 97 59 98 11 59 6 2 3 34 49 80 78 34 32 57 87 18 8 69 59 49 
142 15 20 25 26 26 21 15 19 15 20 13 18 17 24 21 15 21 22 23 18 17 13 4 18 3 22 15 21 29 23 18 24 16 12 21 16 28 0 25 16 20 12 11 10 14 20 17 20 14 25 18 23 26 20 20 9 24 29 14 23 27 24 22 16 22 28 # 49 24 14 14 57 51 11 31 42 47 34 13 36 10 54 43 46 17 10 21 7 43 25 21 38 28 59 24 66 28 21 19 16 43 49 7 3 0 65 27 21 56 44 56 43 31 27 24 22 35 9 17 15 51 24 25 63 32 34 63 3 10 55 7 48 19 
151 38 47 46 42 30 42 0 54 37 27 51 29 15 43 50 39 41 39 40 57 26 37 22 42 63 8 50 30 28 14 56 39 44 32 24 15 30 1 39 3 38 38 26 21 18 40 36 42 16 48 47 29 26 37 32 43 58 37 59 27 5 39 # 9 24 48 17 12 16 0 27 47 21 27 23 30 6 33 41 46 1 32 8 35 47 44 54 59 61 32 29 43 26 8 22 6 37 23 26 52 7 9 7 47 54 35 45 49 39 34 46 30 2 6 29 44 55 37 48 20 47 57 43 40 41 
0 -1 -1 -1 -1 -1 -1 -1 -1 -1 -1 -1 -1 -1 -1 -1 -1 -1 -1 -1 -1 -1 0 -1 -1 -1 -1 -1 -1 -1 -1 -1 -1 -1 -1 -1 -1 -1 -1 -1 -1 -1 -1 -1 -1 -1 -1 # -1 -1 -1 -1 -1 -1 -1 -1 -1 -1 -1 -1 -1 -1 -1 -1 -1 -1 -1 -1 -1 0 -1 -1 -1 -1 -1 -1 -1 -1 -1 -1 -1 -1 -1 -1 -1 -1 -1 -1 -1 -1 -1 -1 -1 -1 
