2
6 9 1
1 2 10
1 3 2
1 4 10
2 3 1
3 4 4
4 5 2
2 6 8
5 2 2
4 6 4
8 13 1
1 2 5
1 5 11
5 2 6
6 5 10
6 2 2
2 3 3
2 7 13
7 6 7
3 7 9
3 4 12
4 8 1
8 3 4
7 8 8


1
8 13 1
1 2 5
1 5 11
5 2 6
6 5 10
6 2 2
2 3 3
2 7 13
7 6 7
3 7 9
3 4 12
4 8 1
8 3 4
7 8 8

1
9 14 1
1 2 5
2 3 1
3 4 1
4 5 1
5 2 1
6 7 1
7 8 1
8 9 1
9 6 1
3 7 7
3 6 8
3 9 10
4 9 6
8 5 4

1
7 11 5
5 3 2
5 4 4
5 2 6
1 2 3
1 6 3
6 7 12
7 3 1
3 4 7
3 2 5
4 7 8
3 6 4

22 -1 18 13 4 0 17 12 # -1 3 7 5 0 3 4 

1
6 10 1
1 2 4
1 6 3
6 2 3
5 2 1
5 6 1
5 3 1
5 4 1
3 4 4
4 6 2
2 3 2

Ans = 

12 0 4 6 10 -1 12 # 0 1 2 3 -1 4 