6
3
4
0 1 1 0
0 0 0 1
0 0 0 0
0 0 1 0
1
3 2 1 1 3 3
1 6 7
3 2 8
4 1 4
1
3 6 1 1 3 3
1 6 7
3 2 8
4 1 4
1
3 4 1 1 3 3
1 6 7
3 2 8
4 1 4
2
3 1 1 1 3 3
1 6 7
2 5 8
3 4 9
1
3 1 1 1 3 3
1 6 7
3 2 8
4 1 4

9
3
4
0 1 1 0
0 0 0 1
0 0 0 0
0 0 1 0
1
3 2 1 1 3 3
1 6 7
3 2 8
4 1 4
1
3 8 1 1 3 3
1 6 7
3 2 8
4 1 4
1
3 1 1 1 3 3
1 6 7
3 2 8
4 1 4
1
3 6 1 1 3 3
1 6 7
3 2 8
4 1 4
1
3 4 1 1 3 3
1 6 7
3 2 8
4 1 4
2
3 1 1 1 3 3
1 6 7
2 5 8
3 4 9
1
3 1 1 1 3 3
1 6 7
3 2 8
4 1 4
1
4 8 1 1 3 4
1 1 1 1
1 5 1 10
1 1 10 9 
1 1 8 1